Id,Burg,Province,Province Full Name,State,State Full Name,Culture,Religion,Group,Population,X,Y,Latitude,Longitude,Elevation (ft),Temperature,Temperature likeness,Capital,Port,Citadel,Walls,Plaza,Temple,Shanty Town,Emblem,Preview link
1,Vepara,Vepara,Vepara Deanery,Casteleria,Divine Principality of Casteleria,Tallian,Vepar Pantheon,capital,42013,1548.08,606.27,-25.97,110.26,52,55°F,Milan (Italy),capital,,citadel,walls,plaza,temple,shanty town,{t1:purpure;ordinaries:[{ordinary:cross;t:or;line:straight}];charges:[{charge:apple;t:or;p:acgi;t2:or;size:0.5}];shield:horsehead},https://watabou.github.io/city-generator/?name=Vepara&population=42013&size=53&seed=7531122100001&river=1&coast=0&farms=1&citadel=1&urban_castle=0&hub=1&plaza=1&greens=1&temple=1&walls=1&shantytown=1&style=natural
2,Pres,Monthivevia,Monthivevia County,Presia,Principality of Presia,Luari,Bordieaux Pantheon,capital,43849,468.95,324.08,28.01,-92.07,13,46°F,Prague (Czechia),capital,port,citadel,walls,plaza,temple,shanty town,{t1:gules;charges:[{charge:eagle;t:argent;p:kn;t2:argent;t3:argent;size:0.7}];shield:french},https://watabou.github.io/city-generator/?name=Pres&population=43849&size=54&seed=7531122100002&river=1&coast=1&farms=1&citadel=1&urban_castle=1&hub=1&plaza=1&greens=1&temple=1&walls=1&shantytown=1&style=natural&sea=1.77
3,Duzunte,Kutyurt,Kutyurt Barony,Beytekyurt,Beytekyurt Horde,Turchian,Turchian Spirits,capital,10820,599.56,634.21,-31.32,-67.58,328,50°F,London (England),capital,port,citadel,walls,plaza,,,{t1:gules;division:{division:perPale;t:argent;line:nebuly};charges:[{charge:anchor;t:or;p:p;size:0.7};{charge:mullet6;t:gules;p:q;size:0.7}];shield:round},https://watabou.github.io/city-generator/?name=Duzunte&population=10820&size=32&seed=7531122100003&river=0&coast=1&farms=1&citadel=1&urban_castle=0&hub=1&plaza=1&greens=1&temple=0&walls=1&shantytown=0&style=natural&sea=1.61
4,Balmastarc,Lonyalaszlia,Lonyalaszlia Earldom,Tiszalgaria,Kingdom of Tiszalgaria,Vengrian,Gods of the Sapphire Numen,capital,29791,1268.95,507.8,-7.13,57.93,266,66°F,Marrakesh (Morocco),capital,,citadel,walls,plaza,temple,,{t1:or;charges:[{charge:mitre;t:sable;p:e;t2:sable;t3:sable;size:1.5}];shield:horsehead2},https://watabou.github.io/city-generator/?name=Balmastarc&population=29791&size=47&seed=7531122100004&river=1&coast=0&farms=1&citadel=1&urban_castle=1&hub=0&plaza=1&greens=1&temple=1&walls=1&shantytown=0&style=natural
5,Ruela,Madrocia,Madrocia Shire,Padamia,Grand Duchy of Padamia,Astellian,Occultism of the Chief of Lightning,capital,27194,234.8,539.91,-13.28,-135.97,643,59°F,Rome (Italy),capital,,citadel,walls,plaza,temple,shanty town,{t1:argent;division:{division:perFess;t:purpure;line:straight};ordinaries:[{ordinary:fess;t:gules;line:straight}];charges:[{charge:fusil;t:or;p:def;size:0.5}];shield:spanish},https://watabou.github.io/city-generator/?name=Ruela&population=27194&size=45&seed=7531122100005&river=1&coast=0&farms=1&citadel=1&urban_castle=0&hub=0&plaza=1&greens=1&temple=1&walls=1&shantytown=1&style=natural
6,Sgurcele,Sgurcele,Sgurcele Parish,Sampi,Brotherhood of Sampi,Tallian,Sgurcelan Deities,capital,37282,1281.6,297.3,33.13,60.3,738,39°F,Reykjavik (Iceland),capital,,citadel,walls,plaza,temple,,{t1:vert;charges:[{charge:goat;t:or;p:e;t2:or;t3:or;size:1.5}];shield:horsehead},https://watabou.github.io/city-generator/?name=Sgurcele&population=37282&size=51&seed=7531122100006&river=0&coast=0&farms=1&citadel=1&urban_castle=1&hub=0&plaza=1&greens=1&temple=1&walls=1&shantytown=0&style=natural
7,Granvileau,Morieauve,Morieauve Parish,Piereia,Bishopric of Piereia,Luari,Fercellesism,capital,6778,240.2,388.13,15.76,-134.96,52,63°F,Lisbon (Portugal),capital,port,citadel,walls,,,,{t1:gules;charges:[{charge:feather;t:argent;p:jln;size:0.7}];shield:french},https://watabou.github.io/city-generator/?name=Granvileau&population=6778&size=27&seed=7531122100007&river=0&coast=1&farms=1&citadel=1&urban_castle=0&hub=1&plaza=0&greens=0&temple=0&walls=1&shantytown=0&style=natural&sea=0.58
8,Barolei,Barolei,Barolei County,Barolia,Principality of Barolia,Portuzian,Chaminta Pantheon,capital,20994,1630.05,502.97,-6.21,125.63,82,66°F,Marrakesh (Morocco),capital,,citadel,walls,plaza,,,{t1:argent;ordinaries:[{ordinary:fess;t:azure;line:potentySinister}];charges:[{charge:inescutcheon;t:argent;p:def;size:0.5};{charge:billet;t:sable;p:def;size:0.25}];shield:renaissance},https://watabou.github.io/city-generator/?name=Barolei&population=20994&size=41&seed=7531122100008&river=1&coast=0&farms=0&citadel=1&urban_castle=1&hub=1&plaza=1&greens=1&temple=0&walls=1&shantytown=0&style=natural
9,Alverena,Pueria,Pueria Seneschalty,Alverenia,Duchy of Alverenia,Astellian,Occultism of the Chief of Lightning,capital,12631,160.64,603.51,-25.44,-149.88,52,57°F,Washington (D.C.),capital,port,citadel,walls,,,,{t1:sable;division:{division:perBendSinister;t:or;line:straight};charges:[{charge:headWreathed;t:argent;p:jo;t2:argent;t3:argent;divided:counter;size:0.7}];shield:spanish},https://watabou.github.io/city-generator/?name=Alverena&population=12631&size=34&seed=7531122100009&river=0&coast=1&farms=1&citadel=1&urban_castle=0&hub=0&plaza=0&greens=0&temple=0&walls=1&shantytown=0&style=natural&sea=1.42
10,Socen,Socen,Socen Shire,Estrielas,Duchy of Estrielas,Astellian,Occultism of the Chief of Lightning,capital,17691,295.31,653.5,-35.01,-124.63,161,48°F,Copenhagen (Denmark),capital,port,citadel,walls,plaza,,,{t1:or;charges:[{charge:orb;t:gules;p:e;t2:gules;t3:gules;size:1.5}];shield:spanish},https://watabou.github.io/city-generator/?name=Socen&population=17691&size=38&seed=7531122100010&river=1&coast=1&farms=1&citadel=1&urban_castle=1&hub=1&plaza=1&greens=1&temple=0&walls=1&shantytown=0&style=natural&sea=1.89
11,Pulum,Pulum,Pulum Governorate,Viroval,Republic of Viroval,Romian,Ponstatra Deities,capital,27964,1210.6,639.24,-32.28,46.99,82,52°F,Antwerp (Belgium),capital,port,citadel,walls,plaza,,,{t1:argent;charges:[{charge:deerHeadCaboshed;t:gules;p:e;t2:gules;size:1.5}];shield:roman},https://watabou.github.io/city-generator/?name=Pulum&population=27964&size=46&seed=7531122100011&river=0&coast=1&farms=1&citadel=1&urban_castle=0&hub=1&plaza=1&greens=1&temple=0&walls=1&shantytown=0&style=natural&sea=1.35
12,Lydon,Lydon,Lydon Margrave,Lydonland,Kingdom of Lydonland,Angshire,Angshire Spirits,capital,16982,1129.68,650.49,-34.43,31.82,13,48°F,Copenhagen (Denmark),capital,port,citadel,walls,,,,{t1:argent;charges:[{charge:lozengeFaceted;t:sable;p:beh;size:0.5}];shield:wedged},https://watabou.github.io/city-generator/?name=Lydon&population=16982&size=38&seed=7531122100012&river=0&coast=1&farms=1&citadel=1&urban_castle=1&hub=1&plaza=0&greens=0&temple=0&walls=1&shantytown=0&style=natural&sea=0.02
13,Arlontano,Arlontano,Arlontano County,Rocano,Grand Duchy of Rocano,Tallian,Tallian Spirits,capital,4461,1283.46,425.12,8.68,60.65,30,64°F,Barcelona (Spain),capital,port,citadel,walls,,,,{t1:purpure;division:{division:perFess;t:bendySinister-argent-gules;line:bevilled};charges:[{charge:mascle;t:or;p:k;size:0.7};{charge:bridge2;t:azure;p:n;size:0.7}];shield:horsehead},https://watabou.github.io/city-generator/?name=Arlontano&population=4461&size=23&seed=7531122100013&river=1&coast=1&farms=1&citadel=1&urban_castle=0&hub=1&plaza=0&greens=0&temple=0&walls=1&shantytown=0&style=natural&sea=0.75
14,Thes,Thes,Thes Parish,Lalylisia,Exarchate of Lalylisia,Elladan,Gourm Pantheon,capital,47027,586.01,448.5,4.21,-70.12,118,66°F,Marrakesh (Morocco),capital,port,citadel,walls,plaza,,shanty town,{t1:argent;charges:[{charge:wolfHeadErased;t:gules;p:jln;t2:purpure;size:0.7}];shield:boeotian},https://watabou.github.io/city-generator/?name=Thes&population=47027&size=56&seed=7531122100014&river=1&coast=1&farms=1&citadel=1&urban_castle=1&hub=1&plaza=1&greens=1&temple=0&walls=1&shantytown=1&style=natural
15,Alkan,Alkan,Alkan Earldom,Esenkoryurt,Esenkoryurt Khaganate,Turchian,Turchian Spirits,capital,14307,826.66,546.62,-14.56,-25,13,63°F,Lisbon (Portugal),capital,port,citadel,walls,plaza,,,{t1:or;ordinaries:[{ordinary:pile;t:purpure}];charges:[{charge:sword;t:or;p:b;t2:or;size:0.5}];shield:round},https://watabou.github.io/city-generator/?name=Alkan&population=14307&size=35&seed=7531122100015&river=0&coast=1&farms=1&citadel=1&urban_castle=0&hub=1&plaza=1&greens=1&temple=0&walls=1&shantytown=0&style=natural&sea=1.57
16,Halepios,Saria,Saria Parish,Bhryreria,Patriarchate of Bhryreria,Elladan,Gourm Pantheon,capital,22213,683.29,383.38,16.66,-51.88,118,61°F,Dubrovnik (Croatia),capital,port,citadel,walls,plaza,temple,,{t1:purpure;division:{division:perChevron;t:argent;line:nebuly};charges:[{charge:inescutcheon;t:or;p:jlh;size:0.7};{charge:fusil;t:purpure;p:jlh;size:0.35}];shield:boeotian},https://watabou.github.io/city-generator/?name=Halepios&population=22213&size=42&seed=7531122100016&river=0&coast=1&farms=1&citadel=1&urban_castle=1&hub=0&plaza=1&greens=1&temple=1&walls=1&shantytown=0&style=natural&sea=0.25
17,Veleparga,Fiuria,Fiuria County,Arvicola,Arvicolan Empire,Tallian,Tallian Spirits,capital,7462,1486.99,484.82,-2.74,98.81,2218,57°F,Washington (D.C.),capital,,citadel,walls,,,,{t1:or;division:{division:perFess;t:gules;line:straight};ordinaries:[{ordinary:point;t:sable;divided:counter}];shield:horsehead},https://watabou.github.io/city-generator/?name=Veleparga&population=7462&size=28&seed=7531122100017&river=0&coast=0&farms=1&citadel=1&urban_castle=0&hub=1&plaza=0&greens=0&temple=0&walls=1&shantytown=0&style=natural
18,Thotina,Akranosia,Akranosia Deanery,Ecelia,Eparchy of Ecelia,Elladan,Gourm Pantheon,capital,3334,601.75,526.98,-10.8,-67.17,948,61°F,Dubrovnik (Croatia),capital,,citadel,walls,,,,{t1:vert;charges:[{charge:key;t:argent;p:kn;size:0.7}];shield:boeotian},https://watabou.github.io/city-generator/?name=Thotina&population=3334&size=20&seed=7531122100018&river=0&coast=0&farms=1&citadel=1&urban_castle=1&hub=0&plaza=0&greens=0&temple=0&walls=1&shantytown=0&style=natural
19,Zebaga,Zebaga,Zebaga County,Erantzia,Kingdom of Erantzia,Euskati,Euskati Ancestors,capital,3940,395.1,609.37,-26.56,-105.92,2392,52°F,Antwerp (Belgium),capital,,citadel,walls,,,,{t1:gules;charges:[{charge:goat;t:argent;p:e;t2:argent;t3:argent;size:1.5}];shield:oldFrench},https://watabou.github.io/city-generator/?name=Zebaga&population=3940&size=22&seed=7531122100019&river=1&coast=0&farms=1&citadel=1&urban_castle=0&hub=0&plaza=0&greens=0&temple=0&walls=1&shantytown=0&style=natural
20,Piceargan,Amphagasia,Amphagasia Parish,Bhryreria,Patriarchate of Bhryreria,Elladan,Gourm Pantheon,town,2627,619.48,458.78,2.24,-63.85,82,66°F,Marrakesh (Morocco),,port,,,,,,{t1:argent;charges:[{charge:crossHummetty;t:sable;p:jlh;size:0.7}];shield:boeotian},https://watabou.github.io/city-generator/?name=Piceargan&population=2627&size=19&seed=7531122100020&river=0&coast=1&farms=1&citadel=0&urban_castle=0&hub=1&plaza=0&greens=0&temple=0&walls=0&shantytown=0&style=natural&sea=0.98
21,Seran,Seran,Seran County,Barolia,Principality of Barolia,Keltan,Keltan Spirits,town,8444,1654.88,295.83,33.41,130.29,82,41°F,Harbin (China),,port,citadel,,,,,{t1:argent;charges:[{charge:anchor;t:vert;p:jln;size:0.7}];shield:oval},https://watabou.github.io/city-generator/?name=Seran&population=8444&size=29&seed=7531122100021&river=0&coast=1&farms=1&citadel=1&urban_castle=0&hub=0&plaza=0&greens=0&temple=0&walls=0&shantytown=0&style=natural&sea=0.16
22,Roshin,Celergia,Celergia Earldom,Barolia,Principality of Barolia,Keltan,Keltan Spirits,village,1801,1672.85,304.5,31.75,133.66,13,41°F,Harbin (China),,,,,,,,{t1:argent;division:{division:perSaltire;t:vert};shield:oval},https://watabou.github.io/village-generator/?pop=1801&name=Roshin&seed=7531122100022&width=1600&height=780&style=snow&tags=estuary%2Cdead+end%2Cno+square%2Cdense
23,Sinalopomis,Plagaspian,Plagaspian Parish,Bhryreria,Patriarchate of Bhryreria,Elladan,Gourm Pantheon,village,1808,634.88,360.88,20.97,-60.96,161,55°F,Milan (Italy),,,,,,,,{t1:argent;division:{division:perPile;t:azure;line:straight};ordinaries:[{ordinary:cross;t:sable;line:straight;divided:counter}];shield:boeotian},https://watabou.github.io/village-generator/?pop=1808&name=Sinalopomis&seed=7531122100023&width=1600&height=780&style=default&tags=highway%2Cfarmland%2Cno+square%2Cdense
24,Sutriliano,Ponania,Ponania Parish,Casteleria,Divine Principality of Casteleria,Tallian,Vepar Pantheon,town,3613,1585.09,559.4,-17.01,117.2,554,61°F,Dubrovnik (Croatia),,,,,,,,{t1:argent;charges:[{charge:apple;t:gules;p:e;t2:gules;size:1.5}];shield:horsehead},https://watabou.github.io/city-generator/?name=Sutriliano&population=3613&size=21&seed=7531122100024&river=0&coast=0&farms=1&citadel=0&urban_castle=0&hub=0&plaza=0&greens=0&temple=0&walls=0&shantytown=0&style=natural
25,Cenay,Chanville,Chanville Deanery,Piereia,Bishopric of Piereia,Luari,Fercellesism,town,7816,209.73,423.78,8.94,-140.68,13,64°F,Barcelona (Spain),,,,,,,,{t1:vert;division:{division:perPile;t:argent;line:engrailed};charges:[{charge:lymphad;t:or;p:e;t2:or;t3:or;size:0.7;sinister:1}];shield:french},https://watabou.github.io/city-generator/?name=Cenay&population=7816&size=28&seed=7531122100025&river=0&coast=0&farms=1&citadel=0&urban_castle=0&hub=0&plaza=0&greens=0&temple=0&walls=0&shantytown=0&style=natural
26,Duzeszadi,Duzeszadi,Duzeszadi Shire,Tiszalgaria,Kingdom of Tiszalgaria,Vengrian,Gods of the Sapphire Numen,city,25597,1242.85,547.35,-14.7,53.03,266,63°F,Lisbon (Portugal),,,,walls,,,,{t1:barry-or-purpure;division:{division:perPale;t:azure;line:straight};ordinaries:[{ordinary:saltireParted;t:sable;line:straight}];shield:horsehead2},https://watabou.github.io/city-generator/?name=Duzeszadi&population=25597&size=44&seed=7531122100026&river=1&coast=0&farms=1&citadel=0&urban_castle=0&hub=1&plaza=0&greens=0&temple=0&walls=1&shantytown=0&style=natural
27,Treillesnoy,Treillesnoy,Treillesnoy Margrave,Presia,Principality of Presia,Luari,Fercellesism,city,14380,458.63,424.17,8.86,-94.01,643,61°F,Dubrovnik (Croatia),,,,,,,,{t1:gules;charges:[{charge:hatchet;t:argent;p:abc;t2:argent;size:0.5}];shield:french},https://watabou.github.io/city-generator/?name=Treillesnoy&population=14380&size=36&seed=7531122100027&river=1&coast=0&farms=1&citadel=0&urban_castle=0&hub=0&plaza=0&greens=0&temple=0&walls=0&shantytown=0&style=natural
28,Iuriegiodu,Alaquenia,Alaquenia Province,Viroval,Republic of Viroval,Romian,Ponstatra Deities,town,9133,1171.15,566.64,-18.39,39.59,52,61°F,Dubrovnik (Croatia),,,,,,,,{t1:azure;charges:[{charge:cinquefoil;t:argent;p:jln;size:0.7}];shield:roman},https://watabou.github.io/city-generator/?name=Iuriegiodu&population=9133&size=30&seed=7531122100028&river=0&coast=0&farms=1&citadel=0&urban_castle=0&hub=0&plaza=0&greens=0&temple=0&walls=0&shantytown=0&style=natural
29,Diete,Diete,Diete Governorate,Viroval,Republic of Viroval,Romian,Ponstatra Deities,city,17016,1124.89,474.73,-0.81,30.92,161,66°F,Marrakesh (Morocco),,,,walls,,,,{t1:bendy-argent-sable;ordinaries:[{ordinary:saltire;t:azure;line:straight}];shield:roman},https://watabou.github.io/city-generator/?name=Diete&population=17016&size=38&seed=7531122100029&river=0&coast=0&farms=1&citadel=0&urban_castle=0&hub=0&plaza=0&greens=0&temple=0&walls=1&shantytown=0&style=natural
30,Akalazde,Sunguryurt,Sunguryurt Earldom,Esenkoryurt,Esenkoryurt Khaganate,Turchian,Turchian Spirits,city,14301,735.07,584.48,-21.8,-42.17,118,61°F,Dubrovnik (Croatia),,port,,walls,,,,{t1:gules;division:{division:perFess;t:or;line:straight};shield:round},https://watabou.github.io/city-generator/?name=Akalazde&population=14301&size=35&seed=7531122100030&river=1&coast=1&farms=1&citadel=0&urban_castle=0&hub=1&plaza=0&greens=0&temple=0&walls=1&shantytown=0&style=natural
31,Kododico,Laolis,Laolis Parish,Bhryreria,Patriarchate of Bhryreria,Elladan,Gourm Pantheon,town,9059,733.8,394.6,14.52,-42.41,30,63°F,Lisbon (Portugal),,,,,,,,{t1:or;ordinaries:[{ordinary:terrace;t:purpure;line:straight}];charges:[{charge:rustre;t:gules;p:bdf;size:0.5}];shield:boeotian},https://watabou.github.io/city-generator/?name=Kododico&population=9059&size=30&seed=7531122100031&river=0&coast=0&farms=1&citadel=0&urban_castle=0&hub=0&plaza=0&greens=0&temple=0&walls=0&shantytown=0&style=natural
32,Posiasallet,Antano,Antano Margrave,Arvicola,Arvicolan Empire,Tallian,Tallian Spirits,city,13082,1501.57,545.6,-14.37,101.54,328,61°F,Dubrovnik (Croatia),,port,,walls,,,,{t1:argent;division:{division:perSaltire;t:purpure};charges:[{charge:serpent;t:vert;p:b;t2:vert;size:0.5};{charge:feather;t:argent;p:d;size:0.5};{charge:escallop;t:or;p:f;size:0.5};{charge:crossCeltic2;t:azure;p:h;size:0.5}];shield:horsehead},https://watabou.github.io/city-generator/?name=Posiasallet&population=13082&size=34&seed=7531122100032&river=1&coast=1&farms=1&citadel=0&urban_castle=0&hub=0&plaza=0&greens=0&temple=0&walls=1&shantytown=0&style=natural
33,Olidiras,Pelolis,Pelolis County,Barolia,Principality of Barolia,Portuzian,Chaminta Pantheon,city,19263,1697.16,321.52,28.5,138.22,30,46°F,Prague (Czechia),,,citadel,,plaza,,,{t1:masoned-sable-argent;division:{division:perBend;t:gules;line:straight};shield:renaissance},https://watabou.github.io/city-generator/?name=Olidiras&population=19263&size=40&seed=7531122100033&river=0&coast=0&farms=1&citadel=1&urban_castle=0&hub=0&plaza=1&greens=1&temple=0&walls=0&shantytown=0&style=natural
34,Aber,Aber,Aber Earldom,Arvicola,Arvicolan Empire,Keltan,Keltan Spirits,town,10274,1591.24,383.9,16.57,118.36,948,57°F,Washington (D.C.),,,,walls,,,,{t1:argent;charges:[{charge:crossHummetty;t:azure;p:jln;size:0.7}];shield:oval},https://watabou.github.io/city-generator/?name=Aber&population=10274&size=31&seed=7531122100034&river=1&coast=0&farms=1&citadel=0&urban_castle=0&hub=0&plaza=0&greens=0&temple=0&walls=1&shantytown=0&style=natural
35,Dekekedie,Dekekedie,Dekekedie Earldom,Esenkoryurt,Esenkoryurt Khaganate,Turchian,Turchian Spirits,city,13767,913.6,637.59,-31.96,-8.7,397,50°F,London (England),,port,,walls,plaza,,,{t1:or;ordinaries:[{ordinary:terrace;t:purpure;line:arched}];charges:[{charge:drakkar;t:gules;p:e;t2:azure;t3:gules;size:1.5}];shield:round},https://watabou.github.io/city-generator/?name=Dekekedie&population=13767&size=35&seed=7531122100035&river=0&coast=1&farms=1&citadel=0&urban_castle=0&hub=0&plaza=1&greens=1&temple=0&walls=1&shantytown=0&style=natural&sea=0.09
36,Koyubeynak,Enerdemeli,Enerdemeli Margrave,Esenkoryurt,Esenkoryurt Khaganate,Turchian,Turchian Spirits,town,2004,689.5,521.49,-9.75,-50.72,30,64°F,Barcelona (Spain),,,,,,,,{t1:argent;charges:[{charge:dragonRampant;t:azure;p:e;t2:azure;t3:azure;size:1.5}];shield:round},https://watabou.github.io/city-generator/?name=Koyubeynak&population=2004&size=17&seed=7531122100036&river=0&coast=0&farms=1&citadel=0&urban_castle=0&hub=0&plaza=0&greens=0&temple=0&walls=0&shantytown=0&style=natural
37,Marviapurso,Nonaquenia,Nonaquenia Governorate,Viroval,Republic of Viroval,Romian,Ponstatra Deities,town,6328,1432.59,649.83,-34.3,88.61,643,45°F,Montreal (Canada),,,,,,,,{t1:purpure;ordinaries:[{ordinary:fessCotissed;t:or;line:straight}];charges:[{charge:deerHeadCaboshed;t:purpure;p:def;t2:argent;size:0.5}];shield:roman},https://watabou.github.io/city-generator/?name=Marviapurso&population=6328&size=26&seed=7531122100037&river=0&coast=0&farms=1&citadel=0&urban_castle=0&hub=0&plaza=0&greens=0&temple=0&walls=0&shantytown=0&style=natural
38,Poreiro,Foreiraran,Foreiraran Barony,Barolia,Principality of Barolia,Portuzian,Chaminta Pantheon,town,4558,1665.85,508.9,-7.35,132.35,52,66°F,Marrakesh (Morocco),,,,,,,,{t1:masoned-or-sable;division:{division:perPile;t:vert;line:straight};shield:renaissance},https://watabou.github.io/city-generator/?name=Poreiro&population=4558&size=23&seed=7531122100038&river=0&coast=0&farms=1&citadel=0&urban_castle=0&hub=0&plaza=0&greens=0&temple=0&walls=0&shantytown=0&style=natural
39,Tretovinium,Ulpiatu,Ulpiatu Governorate,Viroval,Republic of Viroval,Romian,Ponstatra Deities,town,8493,1238.63,623.51,-29.27,52.24,1890,45°F,Montreal (Canada),,,,walls,,,,{t1:vert;charges:[{charge:deerHeadCaboshed;t:argent;p:e;t2:argent;size:1.5}];shield:roman},https://watabou.github.io/city-generator/?name=Tretovinium&population=8493&size=29&seed=7531122100039&river=0&coast=0&farms=1&citadel=0&urban_castle=0&hub=0&plaza=0&greens=0&temple=0&walls=1&shantytown=0&style=natural
40,Sgurdo,Nescanolia,Nescanolia Parish,Sampi,Brotherhood of Sampi,Tallian,Sgurcelan Deities,village,1705,1193.88,299.16,32.77,43.85,643,39°F,Reykjavik (Iceland),,,,,,,,{t1:or;ordinaries:[{ordinary:bend;t:vert;line:straight}];shield:horsehead},https://watabou.github.io/village-generator/?pop=1705&name=Sgurdo&seed=7531122100040&width=1600&height=780&style=snow&tags=dead+end%2Cno+square%2Cdense
41,Marltonbeck,Marltonbeck,Marltonbeck Margrave,Lydonland,Kingdom of Lydonland,Angshire,Angshire Spirits,city,15766,1014.33,576.13,-20.21,10.19,210,61°F,Dubrovnik (Croatia),,,,walls,,,,{t1:chequy-azure-argent;division:{division:perFess;t:argent;line:straight};ordinaries:[{ordinary:chevronReversed;t:or}];shield:wedged},https://watabou.github.io/city-generator/?name=Marltonbeck&population=15766&size=37&seed=7531122100041&river=0&coast=0&farms=1&citadel=0&urban_castle=0&hub=0&plaza=0&greens=0&temple=0&walls=1&shantytown=0&style=natural
42,Pizeplios,Empia,Empia Parish,Bhryreria,Patriarchate of Bhryreria,Elladan,Gourm Pantheon,village,1103,691.77,440.92,5.66,-50.29,30,66°F,Marrakesh (Morocco),,,,,,,,{t1:barry-sable-or;division:{division:perFess;t:argent;line:straight};shield:boeotian},https://watabou.github.io/village-generator/?pop=1103&name=Pizeplios&seed=7531122100042&width=1400&height=683&style=default&tags=river%2Chighway%2Cno+square%2Cdense
43,Apasos,Apasos,Apasos Parish,Lalylisia,Exarchate of Lalylisia,Elladan,Gourm Pantheon,town,6742,615.78,313.57,30.02,-64.54,30,46°F,Prague (Czechia),,port,,,,,,{t1:purpure;ordinaries:[{ordinary:saltireParted;t:argent;line:straight}];charges:[{charge:drakkar;t:purpure;p:e;t2:purpure;t3:argent;size:1.5}];shield:boeotian},https://watabou.github.io/city-generator/?name=Apasos&population=6742&size=27&seed=7531122100043&river=0&coast=1&farms=1&citadel=0&urban_castle=0&hub=0&plaza=0&greens=0&temple=0&walls=0&shantytown=0&style=natural&sea=1.91
44,Bytheta,Bytheta,Bytheta Deanery,Ecelia,Eparchy of Ecelia,Elladan,Gourm Pantheon,town,8523,617.31,505.49,-6.69,-64.25,266,64°F,Barcelona (Spain),,,,,,,,{t1:gules;division:{division:perFess;t:or;line:dovetailed};charges:[{charge:griffinRampant;t:argent;p:k;t2:argent;t3:argent;size:0.7};{charge:chain;t:sable;p:n;size:0.7}];shield:boeotian},https://watabou.github.io/city-generator/?name=Bytheta&population=8523&size=29&seed=7531122100044&river=0&coast=0&farms=1&citadel=0&urban_castle=0&hub=1&plaza=0&greens=0&temple=0&walls=0&shantytown=0&style=natural
45,Baglio,Vepara,Vepara Deanery,Casteleria,Divine Principality of Casteleria,Tallian,Vepar Pantheon,town,6461,1555.3,614.35,-27.52,111.62,52,55°F,Milan (Italy),,port,,,,,,{t1:azure;division:{division:perChevron;t:or;line:embattledNotched};charges:[{charge:crossHummetty;t:argent;p:bdefh;size:0.4}];shield:horsehead},https://watabou.github.io/city-generator/?name=Baglio&population=6461&size=26&seed=7531122100045&river=1&coast=1&farms=1&citadel=0&urban_castle=0&hub=0&plaza=0&greens=0&temple=0&walls=0&shantytown=0&style=natural
46,Chave,Chave,Chave County,Presia,Principality of Presia,Luari,Fercellesism,town,8637,419.81,380.33,17.25,-101.29,266,59°F,Rome (Italy),,,,,,,,{t1:vert;charges:[{charge:lionHeadErased;t:argent;p:def;t2:argent;size:0.5}];shield:french},https://watabou.github.io/city-generator/?name=Chave&population=8637&size=29&seed=7531122100046&river=1&coast=0&farms=1&citadel=0&urban_castle=0&hub=1&plaza=0&greens=0&temple=0&walls=0&shantytown=0&style=natural
47,Labriana,Tusianito,Tusianito Deanery,Casteleria,Divine Principality of Casteleria,Tallian,Vepar Pantheon,town,5617,1499.6,646.79,-33.72,101.18,472,46°F,Prague (Czechia),,,,,,,,{t1:azure;division:{division:perPale;t:argent;line:straight};charges:[{charge:mallet;t:or;p:e;t2:or;divided:counter;size:1.5}];shield:horsehead},https://watabou.github.io/city-generator/?name=Labriana&population=5617&size=25&seed=7531122100047&river=0&coast=0&farms=1&citadel=0&urban_castle=0&hub=0&plaza=0&greens=0&temple=0&walls=0&shantytown=0&style=natural
48,Mukena,Psychra,Psychra Parish,Lalylisia,Exarchate of Lalylisia,Elladan,Gourm Pantheon,town,2362,535.84,438.85,6.05,-79.53,328,64°F,Barcelona (Spain),,port,,,,,,{t1:gules;charges:[{charge:dolphin;t:argent;p:e;t2:argent;size:1.5}];shield:boeotian},https://watabou.github.io/city-generator/?name=Mukena&population=2362&size=18&seed=7531122100048&river=1&coast=1&farms=1&citadel=0&urban_castle=0&hub=0&plaza=0&greens=0&temple=0&walls=0&shantytown=0&style=natural
49,Bjerklaus,Ludequejar,Ludequejar County,Alverenia,Duchy of Alverenia,Norse,Occultism of the Chief of Lightning,town,2157,240.53,594.38,-23.7,-134.9,6067,36°F,Anchorage (Alaska),,,,walls,,,,{t1:gules;division:{division:perBendSinister;t:or;line:straight};ordinaries:[{ordinary:chevronReversed;t:argent;divided:field}];shield:heater},https://watabou.github.io/city-generator/?name=Bjerklaus&population=2157&size=17&seed=7531122100049&river=0&coast=0&farms=0&citadel=0&urban_castle=0&hub=0&plaza=0&greens=0&temple=0&walls=1&shantytown=0&style=natural
50,Pamaicea,Amphagasia,Amphagasia Parish,Bhryreria,Patriarchate of Bhryreria,Elladan,Gourm Pantheon,town,4336,640.31,458.57,2.28,-59.94,266,64°F,Barcelona (Spain),,,,,,,,{t1:sable;ordinaries:[{ordinary:bendletSinister;t:or;line:straight}];charges:[{charge:mallet;t:gules;p:lem;t2:gules;size:0.3}];shield:boeotian},https://watabou.github.io/city-generator/?name=Pamaicea&population=4336&size=23&seed=7531122100050&river=0&coast=0&farms=1&citadel=0&urban_castle=0&hub=0&plaza=0&greens=0&temple=0&walls=0&shantytown=0&style=natural
51,Bonne,Monthivevia,Monthivevia County,Presia,Principality of Presia,Luari,Fercellesism,town,2234,467.58,338.69,25.21,-92.33,52,52°F,Antwerp (Belgium),,,,,,,,{t1:argent;charges:[{charge:eagle;t:vert;p:e;t2:vert;t3:vert;size:1.5}];shield:french},https://watabou.github.io/city-generator/?name=Bonne&population=2234&size=18&seed=7531122100051&river=0&coast=0&farms=1&citadel=0&urban_castle=0&hub=0&plaza=0&greens=0&temple=0&walls=0&shantytown=0&style=natural
52,Kortoprak,Kortoprak,Kortoprak Earldom,Esenkoryurt,Esenkoryurt Khaganate,Turchian,Turchian Spirits,city,19474,650.1,533.8,-12.11,-58.11,82,64°F,Barcelona (Spain),,,citadel,walls,,,,{t1:argent;division:{division:perChevron;t:sable;line:straight};charges:[{charge:hourglass;t:azure;p:dfbh;t2:azure;t3:azure;divided:counter;size:0.5}];shield:round},https://watabou.github.io/city-generator/?name=Kortoprak&population=19474&size=40&seed=7531122100052&river=0&coast=0&farms=1&citadel=1&urban_castle=1&hub=0&plaza=0&greens=0&temple=0&walls=1&shantytown=0&style=natural
53,Pitellegna,Ciampagnano,Ciampagnano County,Arvicola,Arvicolan Empire,Tallian,Tallian Spirits,town,4498,1441.2,465.83,0.89,90.23,4252,52°F,Antwerp (Belgium),,,,,,,,{t1:or;charges:[{charge:arbalest;t:vert;p:e;t2:vert;t3:azure;size:1.5}];shield:horsehead},https://watabou.github.io/city-generator/?name=Pitellegna&population=4498&size=23&seed=7531122100053&river=0&coast=0&farms=1&citadel=0&urban_castle=0&hub=0&plaza=0&greens=0&temple=0&walls=0&shantytown=0&style=natural
54,Aski,Docakakyurt,Docakakyurt Margrave,Esenkoryurt,Esenkoryurt Khaganate,Turchian,Turchian Spirits,town,7663,871.05,621.31,-28.85,-16.68,118,52°F,Antwerp (Belgium),,,,,,,,{t1:barry-argent-azure;division:{division:perCross;t:gules;line:straight};ordinaries:[{ordinary:chevronReversed;t:purpure}];shield:round},https://watabou.github.io/city-generator/?name=Aski&population=7663&size=28&seed=7531122100054&river=1&coast=0&farms=1&citadel=0&urban_castle=0&hub=0&plaza=0&greens=0&temple=0&walls=0&shantytown=0&style=natural
55,Ykasi,Enerdemeli,Enerdemeli Margrave,Esenkoryurt,Esenkoryurt Khaganate,Turchian,Turchian Spirits,town,4462,697.5,520.9,-9.64,-49.22,30,64°F,Barcelona (Spain),,,,,,,,{t1:argent;charges:[{charge:lymphad;t:azure;p:e;t2:azure;t3:azure;size:1.5}];shield:round},https://watabou.github.io/city-generator/?name=Ykasi&population=4462&size=23&seed=7531122100055&river=0&coast=0&farms=1&citadel=0&urban_castle=0&hub=0&plaza=0&greens=0&temple=0&walls=0&shantytown=0&style=natural
56,Hordh,Inach,Inach County,Arvicola,Arvicolan Empire,Keltan,Keltan Spirits,village,1685,1611.5,456.14,2.75,122.16,643,64°F,Barcelona (Spain),,,,,,,,{t1:azure;division:{division:perCross;t:or;line:straight};charges:[{charge:shield;t:argent;p:e;t2:argent;divided:counter;size:1.5}];shield:oval},https://watabou.github.io/village-generator/?pop=1685&name=Hordh&seed=7531122100056&width=1600&height=780&style=default&tags=river%2Cdead+end%2Cno+square%2Cdense
57,Prinovia,Sutria,Sutria Parish,Sampi,Brotherhood of Sampi,Tallian,Sgurcelan Deities,town,4513,1310.35,316.59,29.44,65.69,840,43°F,Stockholm (Sweden),,,,,,,,{t1:gules;charges:[{charge:eagle;t:or;p:e;t2:or;t3:or;size:1.5}];shield:horsehead},https://watabou.github.io/city-generator/?name=Prinovia&population=4513&size=23&seed=7531122100057&river=0&coast=0&farms=1&citadel=0&urban_castle=0&hub=0&plaza=0&greens=0&temple=0&walls=0&shantytown=0&style=natural
58,Vinoubervauzy,Vinoubervauzy,Vinoubervauzy County,Presia,Principality of Presia,Luari,Fercellesism,town,12051,461,371.65,18.91,-93.56,82,59°F,Rome (Italy),,,citadel,walls,,,,{t1:argent;ordinaries:[{ordinary:chevronReversed;t:azure}];charges:[{charge:shears;t:azure;p:b;size:0.5}];shield:french},https://watabou.github.io/city-generator/?name=Vinoubervauzy&population=12051&size=33&seed=7531122100058&river=0&coast=0&farms=1&citadel=1&urban_castle=1&hub=0&plaza=0&greens=0&temple=0&walls=1&shantytown=0&style=natural
59,Raithemingwe,Pattefiapen,Pattefiapen Barony,Arvicola,Arvicolan Empire,Keltan,Keltan Spirits,village,1560,1599.96,467.19,0.63,119.99,472,64°F,Barcelona (Spain),,port,citadel,,,,,{t1:or;division:{division:perCross;t:azure;line:straight};ordinaries:[{ordinary:mount;t:vert}];shield:oval},https://watabou.github.io/village-generator/?pop=1560&name=Raithemingwe&seed=7531122100059&width=1600&height=780&style=default&tags=coast%2Chighway%2Cuncultivated%2Cno+square%2Cdense
60,Invewed,Pabecibia,Pabecibia County,Barolia,Principality of Barolia,Keltan,Keltan Spirits,village,1588,1656.78,475.68,-0.99,130.65,397,64°F,Barcelona (Spain),,,,,,,,{t1:vert;division:{division:perFess;t:argent;line:angled};charges:[{charge:deerHeadCaboshed;t:or;p:k;t2:or;size:0.7};{charge:ouroboros;t:gules;p:n;size:0.7}];shield:oval},https://watabou.github.io/village-generator/?pop=1588&name=Invewed&seed=7531122100060&width=1600&height=780&style=default&tags=highway%2Cno+square%2Cdense
61,Pettico,Rioflase,Rioflase Margrave,Arvicola,Arvicolan Empire,Tallian,Tallian Spirits,village,1985,1428.68,590.68,-22.99,87.88,738,59°F,Rome (Italy),,port,,,,,,{t1:ermine-argent-sable-small;charges:[{charge:badgerStatant;t:gules;p:e;t2:gules;size:1.5}];shield:horsehead},https://watabou.github.io/village-generator/?pop=1985&name=Pettico&seed=7531122100061&width=1600&height=780&style=default&tags=coast%2Chighway%2Cno+square%2Cdense
62,Cliftonces,Sherstolia,Sherstolia Margrave,Lydonland,Kingdom of Lydonland,Angshire,Angshire Spirits,town,9999,982.68,625.4,-29.63,4.25,82,52°F,Antwerp (Belgium),,,,walls,,,,{t1:azure;charges:[{charge:hook;t:argent;p:e;size:1.5}];shield:wedged},https://watabou.github.io/city-generator/?name=Cliftonces&population=9999&size=31&seed=7531122100062&river=0&coast=0&farms=1&citadel=0&urban_castle=0&hub=0&plaza=0&greens=0&temple=0&walls=1&shantytown=0&style=natural
63,Thorea,Amphagasia,Amphagasia Parish,Bhryreria,Patriarchate of Bhryreria,Elladan,Gourm Pantheon,town,3691,643.08,415.02,10.61,-59.42,161,64°F,Barcelona (Spain),,,,,,,,{t1:gules;division:{division:perChevronReversed;t:argent;line:rayonne};charges:[{charge:mullet6;t:or;p:bdefh;size:0.4}];shield:boeotian},https://watabou.github.io/city-generator/?name=Thorea&population=3691&size=21&seed=7531122100063&river=0&coast=0&farms=1&citadel=0&urban_castle=0&hub=0&plaza=0&greens=0&temple=0&walls=0&shantytown=0&style=natural
64,Sarprakdi,Sateli,Sateli Earldom,Esenkoryurt,Esenkoryurt Khaganate,Turchian,Turchian Spirits,town,12487,906.25,612.61,-27.18,-10.08,643,54°F,Paris (France),,,,walls,,,,{t1:purpure;division:{division:perCross;t:or;line:potentyDexter};charges:[{charge:stirrup;t:argent;p:j;t2:argent;size:0.6};{charge:skull;t:gules;p:l;size:0.6};{charge:cavalier;t:gules;p:m;size:0.6};{charge:inescutcheon;t:argent;p:o;size:0.6}];shield:round},https://watabou.github.io/city-generator/?name=Sarprakdi&population=12487&size=34&seed=7531122100064&river=0&coast=0&farms=1&citadel=0&urban_castle=0&hub=0&plaza=0&greens=0&temple=0&walls=1&shantytown=0&style=natural
65,Margos,Apasos,Apasos Parish,Lalylisia,Exarchate of Lalylisia,Elladan,Gourm Pantheon,village,1008,601.9,313.56,30.02,-67.14,30,46°F,Prague (Czechia),,,,,,,,{t1:vair-azure-argent;division:{division:perBendSinister;t:or;line:straight};charges:[{charge:crossClechy;t:purpure;p:j;size:0.7};{charge:feather;t:gules;p:o;size:0.7}];shield:boeotian},https://watabou.github.io/village-generator/?pop=1008&name=Margos&seed=7531122100065&width=1400&height=683&style=default&tags=dead+end%2Cno+square%2Cdense
66,Rebreche,Rebreche,Rebreche Deanery,Piereia,Bishopric of Piereia,Luari,Fercellesism,town,11134,353.46,348.72,23.29,-113.73,328,50°F,London (England),,,,,,,,{t1:gules;division:{division:gyronny;t:or};charges:[{charge:feather;t:argent;p:e;size:1.5}];shield:french},https://watabou.github.io/city-generator/?name=Rebreche&population=11134&size=32&seed=7531122100066&river=0&coast=0&farms=1&citadel=0&urban_castle=0&hub=0&plaza=0&greens=0&temple=0&walls=0&shantytown=0&style=natural
67,Duraindibar,Duraindibar,Duraindibar County,Estrielas,Duchy of Estrielas,Euskati,Euskati Ancestors,city,19697,351.05,698.01,-43.52,-114.18,52,41°F,Harbin (China),,port,citadel,,,,,{t1:barry-gules-argent;ordinaries:[{ordinary:pale;t:or;line:straight}];charges:[{charge:bullHeadCaboshed;t:purpure;p:beh;t2:purpure;size:0.5}];shield:oldFrench},https://watabou.github.io/city-generator/?name=Duraindibar&population=19697&size=40&seed=7531122100067&river=0&coast=1&farms=1&citadel=1&urban_castle=0&hub=0&plaza=0&greens=0&temple=0&walls=0&shantytown=0&style=natural&sea=1.35
68,Castena,Contidesia,Contidesia County,Padamia,Grand Duchy of Padamia,Astellian,Alverenese Pantheon,town,10321,259.42,453.31,3.29,-131.36,52,66°F,Marrakesh (Morocco),,,citadel,walls,,,,{t1:or;division:{division:perPale;t:purpure;line:straight};charges:[{charge:fusil;t:vert;p:e;size:1.5}];shield:spanish},https://watabou.github.io/city-generator/?name=Castena&population=10321&size=31&seed=7531122100068&river=1&coast=0&farms=1&citadel=1&urban_castle=1&hub=1&plaza=0&greens=0&temple=0&walls=1&shantytown=0&style=natural
69,Targo,Fiuria,Fiuria County,Arvicola,Arvicolan Empire,Tallian,Tallian Spirits,town,7506,1490.12,462.98,1.44,99.4,2572,55°F,Milan (Italy),,,,,,,,{t1:argent;charges:[{charge:trefle;t:purpure;p:jln;size:0.7}];shield:horsehead},https://watabou.github.io/city-generator/?name=Targo&population=7506&size=28&seed=7531122100069&river=0&coast=0&farms=1&citadel=0&urban_castle=0&hub=0&plaza=0&greens=0&temple=0&walls=0&shantytown=0&style=natural
70,Treral,Llantinbhu,Llantinbhu County,Arvicola,Arvicolan Empire,Keltan,Keltan Spirits,town,5049,1575.1,384.44,16.46,115.33,948,57°F,Washington (D.C.),,,,,,,,{t1:gules;charges:[{charge:greyhoundSejant;t:or;p:jln;t2:or;t3:or;size:0.7}];shield:oval},https://watabou.github.io/city-generator/?name=Treral&population=5049&size=24&seed=7531122100070&river=0&coast=0&farms=1&citadel=0&urban_castle=0&hub=0&plaza=0&greens=0&temple=0&walls=0&shantytown=0&style=natural
71,Sautan,Baigosa,Baigosa County,Alverenia,Duchy of Alverenia,Astellian,Occultism of the Chief of Lightning,town,5177,183.68,612.32,-27.13,-145.56,554,54°F,Paris (France),,,,,,,,{t1:argent;division:{division:perChevronReversed;t:purpure;line:enclavy};charges:[{charge:mullet7;t:azure;p:mok;size:0.5}];shield:spanish},https://watabou.github.io/city-generator/?name=Sautan&population=5177&size=24&seed=7531122100071&river=0&coast=0&farms=1&citadel=0&urban_castle=0&hub=0&plaza=0&greens=0&temple=0&walls=0&shantytown=0&style=natural
72,Thatcheap,Thetburia,Thetburia County,Lydonland,Kingdom of Lydonland,Angshire,Angshire Spirits,town,3823,996.22,650.59,-34.45,6.79,643,46°F,Prague (Czechia),,,,walls,,,,{t1:fretty-argent-gules;division:{division:perBendSinister;t:azure;line:straight};ordinaries:[{ordinary:fess;t:sable;line:straight}];shield:wedged},https://watabou.github.io/city-generator/?name=Thatcheap&population=3823&size=22&seed=7531122100072&river=0&coast=0&farms=1&citadel=0&urban_castle=0&hub=0&plaza=0&greens=0&temple=0&walls=1&shantytown=0&style=natural
73,Chawleigh,Garebia,Garebia County,Lydonland,Kingdom of Lydonland,Angshire,Angshire Spirits,city,15724,1139.14,683.44,-40.73,33.59,472,41°F,Harbin (China),,,,walls,,,,{t1:or;ordinaries:[{ordinary:chief;t:gules;line:straight}];charges:[{charge:ramHeadErased;t:or;p:b;t2:gules;t3:purpure;size:0.5}];shield:wedged},https://watabou.github.io/city-generator/?name=Chawleigh&population=15724&size=37&seed=7531122100073&river=0&coast=0&farms=1&citadel=0&urban_castle=0&hub=0&plaza=0&greens=0&temple=0&walls=1&shantytown=0&style=natural
74,Kar Ok,Azyolkaneli,Azyolkaneli Earldom,Esenkoryurt,Esenkoryurt Khaganate,Turchian,Turchian Spirits,town,4564,765.13,555.13,-16.19,-36.54,266,61°F,Dubrovnik (Croatia),,,,,,,,{t1:sable;division:{division:perFess;t:or;line:straight};ordinaries:[{ordinary:point;t:argent;divided:counter}];shield:round},https://watabou.github.io/city-generator/?name=Kar+Ok&population=4564&size=23&seed=7531122100074&river=0&coast=0&farms=1&citadel=0&urban_castle=0&hub=0&plaza=0&greens=0&temple=0&walls=0&shantytown=0&style=natural
75,Erdemdelen,Erdemdelen,Erdemdelen Earldom,Esenkoryurt,Esenkoryurt Khaganate,Turchian,Turchian Spirits,town,11560,896.44,703.15,-44.5,-11.92,643,34°F,Arkhangelsk (Russia),,,,walls,,,,{t1:gules;charges:[{charge:cavalier;t:argent;p:e;t2:argent;t3:argent;size:1.5}];shield:round},https://watabou.github.io/city-generator/?name=Erdemdelen&population=11560&size=33&seed=7531122100075&river=0&coast=0&farms=0&citadel=0&urban_castle=0&hub=0&plaza=0&greens=0&temple=0&walls=1&shantytown=0&style=natural
76,Wamerston,Marltonbeck,Marltonbeck Margrave,Lydonland,Kingdom of Lydonland,Angshire,Angshire Spirits,town,4147,1040.69,582.79,-21.48,15.13,82,61°F,Dubrovnik (Croatia),,,,,,,,{t1:or;ordinaries:[{ordinary:cross;t:gules;line:straight}];charges:[{charge:lozenge;t:or;p:beh;size:0.3}];shield:wedged},https://watabou.github.io/city-generator/?name=Wamerston&population=4147&size=22&seed=7531122100076&river=1&coast=0&farms=1&citadel=0&urban_castle=0&hub=0&plaza=0&greens=0&temple=0&walls=0&shantytown=0&style=natural
77,Ernoy,Ernoy,Ernoy Parish,Piereia,Bishopric of Piereia,Luari,Fercellesism,town,11906,345.99,368.33,19.54,-115.13,2953,48°F,Copenhagen (Denmark),,,,walls,,,,{t1:argent;charges:[{charge:maces;t:vert;p:abc;t2:vert;size:0.5}];shield:french},https://watabou.github.io/city-generator/?name=Ernoy&population=11906&size=33&seed=7531122100077&river=0&coast=0&farms=1&citadel=0&urban_castle=0&hub=1&plaza=0&greens=0&temple=0&walls=1&shantytown=0&style=natural
78,Portiuscia,Ascria,Ascria Governorate,Viroval,Republic of Viroval,Romian,Ponstatra Deities,town,11716,1489.31,690.09,-42,99.25,266,41°F,Harbin (China),,,,,,,,{t1:azure;division:{division:perPale;t:argent;line:straight};charges:[{charge:rake;t:or;p:e;divided:counter;size:1.5}];shield:roman},https://watabou.github.io/city-generator/?name=Portiuscia&population=11716&size=33&seed=7531122100078&river=0&coast=0&farms=1&citadel=0&urban_castle=0&hub=0&plaza=0&greens=0&temple=0&walls=0&shantytown=0&style=natural
79,Teperi,Obaman,Obaman Seneschalty,Esenkoryurt,Esenkoryurt Khaganate,Turchian,Turchian Spirits,town,3904,812.39,592.85,-23.4,-27.68,118,57°F,Washington (D.C.),,,,walls,,,,{t1:azure;division:{division:perCross;t:argent;line:straight};charges:[{charge:roundel;t:or;p:e;size:1.5}];shield:round},https://watabou.github.io/city-generator/?name=Teperi&population=3904&size=22&seed=7531122100079&river=0&coast=0&farms=1&citadel=0&urban_castle=0&hub=0&plaza=0&greens=0&temple=0&walls=1&shantytown=0&style=natural
80,Amiglia,Pania,Pania Parish,Sampi,Brotherhood of Sampi,Tallian,Sgurcelan Deities,town,10893,1144.44,276.3,37.15,34.58,82,36°F,Anchorage (Alaska),,port,,,,,,{t1:purpure;ordinaries:[{ordinary:chief;t:or;line:arched}];charges:[{charge:scorpion;t:or;p:ez;size:0.5}];shield:horsehead},https://watabou.github.io/city-generator/?name=Amiglia&population=10893&size=32&seed=7531122100080&river=1&coast=1&farms=0&citadel=0&urban_castle=0&hub=0&plaza=0&greens=0&temple=0&walls=0&shantytown=0&style=natural&sea=0.86
81,Baigosa,Baigosa,Baigosa County,Alverenia,Duchy of Alverenia,Astellian,Occultism of the Chief of Lightning,town,11727,199.46,608.53,-26.4,-142.6,840,52°F,Antwerp (Belgium),,,,walls,,,,{t1:sable;charges:[{charge:snake;t:argent;p:e;t2:argent;size:1.5}];shield:spanish},https://watabou.github.io/city-generator/?name=Baigosa&population=11727&size=33&seed=7531122100081&river=0&coast=0&farms=1&citadel=0&urban_castle=0&hub=1&plaza=0&greens=0&temple=0&walls=1&shantytown=0&style=natural
82,Ectabercta,Aray,Aray County,Arvicola,Arvicolan Empire,Keltan,Keltan Spirits,town,5313,1503.54,354.01,22.28,101.91,1588,52°F,Antwerp (Belgium),,,,,,,,{t1:gules;charges:[{charge:banner;t:argent;p:e;t2:argent;size:1.5}];shield:oval},https://watabou.github.io/city-generator/?name=Ectabercta&population=5313&size=24&seed=7531122100082&river=1&coast=0&farms=1&citadel=0&urban_castle=0&hub=0&plaza=0&greens=0&temple=0&walls=0&shantytown=0&style=natural
83,Dobalemer,Obaman,Obaman Seneschalty,Esenkoryurt,Esenkoryurt Khaganate,Turchian,Turchian Spirits,town,10415,845.63,603.59,-25.46,-21.44,30,57°F,Washington (D.C.),,,,walls,,,,{t1:purpure;ordinaries:[{ordinary:bar;t:argent;line:flechy}];charges:[{charge:arrowsSheaf;t:purpure;p:def;t2:purpure;t3:argent;size:0.3}];shield:round},https://watabou.github.io/city-generator/?name=Dobalemer&population=10415&size=31&seed=7531122100083&river=0&coast=0&farms=1&citadel=0&urban_castle=0&hub=0&plaza=0&greens=0&temple=0&walls=1&shantytown=0&style=natural
84,Vitbarce,Ruan,Ruan Parish,Piereia,Bishopric of Piereia,Luari,Fercellesism,city,13078,223.1,455.6,2.85,-138.17,13,66°F,Marrakesh (Morocco),,,,walls,,,,{t1:scaly-or-vert;charges:[{charge:feather;t:azure;p:e;size:1.5}];shield:french},https://watabou.github.io/city-generator/?name=Vitbarce&population=13078&size=34&seed=7531122100084&river=0&coast=0&farms=1&citadel=0&urban_castle=0&hub=0&plaza=0&greens=0&temple=0&walls=1&shantytown=0&style=natural
85,Kornavar,Aberc,Aberc Deanery,Sampi,Brotherhood of Sampi,Slovan,Sgurcelan Deities,town,7856,1399.92,310.17,30.67,82.49,643,43°F,Stockholm (Sweden),,,,,,,,{t1:azure;charges:[{charge:ouroboros;t:argent;p:e;size:1.5}];shield:polish},https://watabou.github.io/city-generator/?name=Kornavar&population=7856&size=28&seed=7531122100085&river=1&coast=0&farms=1&citadel=0&urban_castle=0&hub=0&plaza=0&greens=0&temple=0&walls=0&shantytown=0&style=natural
86,Henyerecs,Kapuvaria,Kapuvaria County,Tiszalgaria,Kingdom of Tiszalgaria,Vengrian,Gods of the Sapphire Numen,town,7420,1248.44,442.2,5.41,54.08,161,66°F,Marrakesh (Morocco),,port,,,,,,{t1:or;ordinaries:[{ordinary:pale;t:sable;line:straight}];charges:[{charge:lionHeadErased;t:argent;p:kn;t2:argent;size:0.7}];shield:horsehead2},https://watabou.github.io/city-generator/?name=Henyerecs&population=7420&size=28&seed=7531122100086&river=0&coast=1&farms=1&citadel=0&urban_castle=0&hub=0&plaza=0&greens=0&temple=0&walls=0&shantytown=0&style=natural&sea=0.16
87,Orte,Bizagia,Bizagia Deanery,Ecelia,Eparchy of Ecelia,Euskati,Euskati Ancestors,town,12269,575.83,549.29,-15.07,-72.03,1447,57°F,Washington (D.C.),,,,,,,,{t1:sable;charges:[{charge:duck;t:argent;p:e;t2:argent;t3:or;size:1.5}];shield:oldFrench},https://watabou.github.io/city-generator/?name=Orte&population=12269&size=33&seed=7531122100087&river=0&coast=0&farms=0&citadel=0&urban_castle=0&hub=0&plaza=0&greens=0&temple=0&walls=0&shantytown=0&style=natural
88,Kaporinther,Kaporinther,Kaporinther Parish,Lalylisia,Exarchate of Lalylisia,Elladan,Gourm Pantheon,city,15597,570,461.07,1.8,-73.12,161,66°F,Marrakesh (Morocco),,port,,walls,,,,{t1:purpure;division:{division:perFess;t:argent;line:straight};charges:[{charge:mullet6;t:or;p:kn;divided:counter;size:0.7}];shield:boeotian},https://watabou.github.io/city-generator/?name=Kaporinther&population=15597&size=37&seed=7531122100088&river=1&coast=1&farms=1&citadel=0&urban_castle=0&hub=1&plaza=0&greens=0&temple=0&walls=1&shantytown=0&style=natural
89,Magrasos,Amphagasia,Amphagasia Parish,Bhryreria,Patriarchate of Bhryreria,Elladan,Gourm Pantheon,town,2358,625.58,432.02,7.36,-62.7,118,66°F,Marrakesh (Morocco),,,,,,,,{t1:gules;division:{division:chevronny;t:argent};charges:[{charge:crossCarolingian;t:or;p:e;divided:counter;size:1.5}];shield:boeotian},https://watabou.github.io/city-generator/?name=Magrasos&population=2358&size=18&seed=7531122100089&river=0&coast=0&farms=1&citadel=0&urban_castle=0&hub=0&plaza=0&greens=0&temple=0&walls=0&shantytown=0&style=natural
90,Bartondal,Axbroline,Axbroline County,Lydonland,Kingdom of Lydonland,Angshire,Angshire Spirits,town,4844,1085.39,665.7,-37.34,23.51,554,45°F,Montreal (Canada),,,,,,,,{t1:chequy-azure-argent;division:{division:perPile;t:argent;line:straight};charges:[{charge:spiral;t:or;p:abceh;size:0.4}];shield:wedged},https://watabou.github.io/city-generator/?name=Bartondal&population=4844&size=24&seed=7531122100090&river=0&coast=0&farms=1&citadel=0&urban_castle=0&hub=0&plaza=0&greens=0&temple=0&walls=0&shantytown=0&style=natural
91,Llantinbhu,Llantinbhu,Llantinbhu County,Arvicola,Arvicolan Empire,Keltan,Keltan Spirits,town,7871,1574.37,394.81,14.48,115.19,472,61°F,Dubrovnik (Croatia),,port,,,,,,{t1:azure;ordinaries:[{ordinary:pileInBend;t:argent}];charges:[{charge:goutte;t:azure;p:eo;size:0.5}];shield:oval},https://watabou.github.io/city-generator/?name=Llantinbhu&population=7871&size=28&seed=7531122100091&river=1&coast=1&farms=1&citadel=0&urban_castle=0&hub=1&plaza=0&greens=0&temple=0&walls=0&shantytown=0&style=natural
92,Peleubea,Mylia,Mylia Deanery,Lalylisia,Exarchate of Lalylisia,Elladan,Gourm Pantheon,city,14522,529.61,477.88,-1.41,-80.7,1447,61°F,Dubrovnik (Croatia),,,,,,,,{t1:vert;charges:[{charge:unicornRampant;t:argent;p:e;t2:argent;t3:argent;size:1.5}];shield:boeotian},https://watabou.github.io/city-generator/?name=Peleubea&population=14522&size=36&seed=7531122100092&river=0&coast=0&farms=1&citadel=0&urban_castle=0&hub=1&plaza=0&greens=0&temple=0&walls=0&shantytown=0&style=natural
93,Yamaka,Yamaka,Yamaka Earldom,Esenkoryurt,Esenkoryurt Khaganate,Turchian,Turchian Spirits,town,10049,858.71,544.54,-14.16,-18.99,13,63°F,Lisbon (Portugal),,,,,,,,{t1:sable;ordinaries:[{ordinary:pileInBend;t:or}];charges:[{charge:cavalier;t:sable;p:eo;t2:sable;t3:sable;size:0.5}];shield:round},https://watabou.github.io/city-generator/?name=Yamaka&population=10049&size=31&seed=7531122100093&river=0&coast=0&farms=1&citadel=0&urban_castle=0&hub=0&plaza=0&greens=0&temple=0&walls=0&shantytown=0&style=natural
94,Cormium,Nonaquenia,Nonaquenia Governorate,Viroval,Republic of Viroval,Romian,Ponstatra Deities,town,2527,1388.2,664.69,-37.15,80.29,554,45°F,Montreal (Canada),,,,,,,,{t1:azure;charges:[{charge:cossack;t:argent;p:e;t2:argent;t3:argent;size:1.5}];shield:roman},https://watabou.github.io/city-generator/?name=Cormium&population=2527&size=18&seed=7531122100094&river=1&coast=0&farms=1&citadel=0&urban_castle=0&hub=0&plaza=0&greens=0&temple=0&walls=0&shantytown=0&style=natural
95,Kepineiamai,Kepineiamai,Kepineiamai County,Beytekyurt,Beytekyurt Horde,Elladan,Gourm Pantheon,city,14663,585.47,632.96,-31.08,-70.22,30,52°F,Antwerp (Belgium),,,,,,,,{t1:or;division:{division:chevronny;t:gules};charges:[{charge:crossPatteeAlisee;t:purpure;p:e;size:1.5}];shield:boeotian},https://watabou.github.io/city-generator/?name=Kepineiamai&population=14663&size=36&seed=7531122100095&river=1&coast=0&farms=1&citadel=0&urban_castle=0&hub=0&plaza=0&greens=0&temple=0&walls=0&shantytown=0&style=natural
96,Beybarsu,Aleri,Aleri Earldom,Esenkoryurt,Esenkoryurt Khaganate,Turchian,Turchian Spirits,town,4357,795.01,660.32,-36.31,-30.94,397,45°F,Montreal (Canada),,,,,,,,{t1:chainy-argent-sable;ordinaries:[{ordinary:chief;t:gules;line:straight}];charges:[{charge:spear;t:purpure;p:e;t2:purpure;size:1.5}];shield:round},https://watabou.github.io/city-generator/?name=Beybarsu&population=4357&size=23&seed=7531122100096&river=1&coast=0&farms=1&citadel=0&urban_castle=0&hub=0&plaza=0&greens=0&temple=0&walls=0&shantytown=0&style=natural
97,Accostiglio,Fulia,Fulia Parish,Casteleria,Divine Principality of Casteleria,Tallian,Vepar Pantheon,city,12998,1454.08,597.62,-24.32,92.64,266,57°F,Washington (D.C.),,,,,,,,{t1:gules;ordinaries:[{ordinary:pale;t:argent;line:straight}];charges:[{charge:mullet;t:gules;p:e;size:0.7}];shield:horsehead},https://watabou.github.io/city-generator/?name=Accostiglio&population=12998&size=34&seed=7531122100097&river=0&coast=0&farms=1&citadel=0&urban_castle=0&hub=0&plaza=0&greens=0&temple=0&walls=0&shantytown=0&style=natural
98,Allano,Rioflase,Rioflase Margrave,Arvicola,Arvicolan Empire,Tallian,Tallian Spirits,village,1555,1408.81,543.92,-14.04,84.15,2572,54°F,Paris (France),,,citadel,,,,,{t1:or;charges:[{charge:bow;t:sable;p:e;size:1.5;sinister:1}];shield:horsehead},https://watabou.github.io/village-generator/?pop=1555&name=Allano&seed=7531122100098&width=1600&height=780&style=default&tags=dead+end%2Cno+square%2Cdense
99,Killanner,Inach,Inach County,Arvicola,Arvicolan Empire,Keltan,Keltan Spirits,village,1760,1628.16,433.85,7.01,125.28,840,63°F,Lisbon (Portugal),,,,,,,,{t1:pappellony2-argent-purpure;division:{division:perPale;t:gules;line:straight};ordinaries:[{ordinary:pileInBend;t:sable}];shield:oval},https://watabou.github.io/village-generator/?pop=1760&name=Killanner&seed=7531122100099&width=1600&height=780&style=default&tags=highway%2Cno+square%2Cdense
100,Pinadorino,Coniati,Coniati Barony,Arvicola,Arvicolan Empire,Tallian,Tallian Spirits,town,2265,1526.92,529.08,-11.21,106.3,948,61°F,Dubrovnik (Croatia),,,,,,,,{t1:sable;division:{division:chevronny;t:argent};charges:[{charge:helmetZischagge;t:or;p:e;size:1.5}];shield:horsehead},https://watabou.github.io/city-generator/?name=Pinadorino&population=2265&size=18&seed=7531122100100&river=0&coast=0&farms=1&citadel=0&urban_castle=0&hub=0&plaza=0&greens=0&temple=0&walls=0&shantytown=0&style=natural
101,Aturafesp,Aray,Aray County,Arvicola,Arvicolan Empire,Keltan,Keltan Spirits,town,4049,1509.83,381.18,17.09,103.09,1736,55°F,Milan (Italy),,,,,,,,{t1:purpure;division:{division:perCross;t:argent;line:straight};ordinaries:[{ordinary:bend;t:or;line:straight}];shield:oval},https://watabou.github.io/city-generator/?name=Aturafesp&population=4049&size=22&seed=7531122100101&river=0&coast=0&farms=1&citadel=0&urban_castle=0&hub=0&plaza=0&greens=0&temple=0&walls=0&shantytown=0&style=natural
102,Afredrignole,Tusianito,Tusianito Deanery,Casteleria,Divine Principality of Casteleria,Tallian,Vepar Pantheon,town,5099,1514.94,622.11,-29,104.05,328,50°F,London (England),,,,,,,,{t1:azure;ordinaries:[{ordinary:terrace;t:argent;line:enclavy}];charges:[{charge:mulletFaceted;t:argent;p:e;size:1.5}];shield:horsehead},https://watabou.github.io/city-generator/?name=Afredrignole&population=5099&size=24&seed=7531122100102&river=1&coast=0&farms=1&citadel=0&urban_castle=0&hub=0&plaza=0&greens=0&temple=0&walls=0&shantytown=0&style=natural
103,Newentford,Newentford,Newentford County,Lydonland,Kingdom of Lydonland,Angshire,Angshire Spirits,city,16104,1127.57,680.65,-40.2,31.42,472,41°F,Harbin (China),,,citadel,,,,,{t1:chequy-azure-argent;ordinaries:[{ordinary:canton;t:argent}];charges:[{charge:griffinRampant;t:argent;p:bdefh;t2:argent;t3:or;size:0.4}];shield:wedged},https://watabou.github.io/city-generator/?name=Newentford&population=16104&size=37&seed=7531122100103&river=0&coast=0&farms=1&citadel=1&urban_castle=0&hub=0&plaza=0&greens=0&temple=0&walls=0&shantytown=0&style=natural
104,Vinerute,Vinerute,Vinerute Governorate,Viroval,Republic of Viroval,Romian,Ponstatra Deities,city,15631,1167.1,554.99,-16.16,38.83,554,61°F,Dubrovnik (Croatia),,port,citadel,walls,,,,{t1:pally-or-purpure-smaller;ordinaries:[{ordinary:chief;t:azure;line:straight}];shield:roman},https://watabou.github.io/city-generator/?name=Vinerute&population=15631&size=37&seed=7531122100104&river=0&coast=1&farms=1&citadel=1&urban_castle=1&hub=1&plaza=0&greens=0&temple=0&walls=1&shantytown=0&style=natural&sea=1.11
105,Lektastos,Othengstet,Othengstet Parish,Lalylisia,Exarchate of Lalylisia,Elladan,Gourm Pantheon,village,1412,496.7,439.23,5.98,-86.87,840,63°F,Lisbon (Portugal),,,,,,,,{t1:vert;division:{division:perPale;t:argent;line:straight};charges:[{charge:fleurDeLis;t:or;p:p;size:0.7};{charge:drawingCompass;t:purpure;p:q;size:0.7}];shield:boeotian},https://watabou.github.io/village-generator/?pop=1412&name=Lektastos&seed=7531122100105&width=1400&height=683&style=default&tags=river%2Chighway%2Cno+square%2Cdense
106,Mubearis,Tyrapo,Tyrapo Parish,Bhryreria,Patriarchate of Bhryreria,Elladan,Gourm Pantheon,town,9054,723.24,306.81,31.31,-44.39,30,41°F,Harbin (China),,port,,,,,,{t1:vert;charges:[{charge:trianglePierced;t:argent;p:e;size:1.5}];shield:boeotian},https://watabou.github.io/city-generator/?name=Mubearis&population=9054&size=30&seed=7531122100106&river=0&coast=1&farms=1&citadel=0&urban_castle=0&hub=0&plaza=0&greens=0&temple=0&walls=0&shantytown=0&style=natural&sea=1.78
107,Altaleki,Kolu,Kolu Barony,Beytekyurt,Beytekyurt Horde,Turchian,Turchian Spirits,town,4682,666.73,666.29,-37.45,-54.99,643,45°F,Montreal (Canada),,,,,,,,{t1:gules;division:{division:perBendSinister;t:argent;line:straight};charges:[{charge:crossBurgundy;t:or;p:j;size:0.7};{charge:plaice;t:gules;p:o;size:0.7}];shield:round},https://watabou.github.io/city-generator/?name=Altaleki&population=4682&size=23&seed=7531122100107&river=0&coast=0&farms=1&citadel=0&urban_castle=0&hub=0&plaza=0&greens=0&temple=0&walls=0&shantytown=0&style=natural
108,Koguz,Balyurt,Balyurt Earldom,Esenkoryurt,Esenkoryurt Khaganate,Turchian,Turchian Spirits,town,12449,845.94,639.01,-32.23,-21.39,328,50°F,London (England),,,,walls,,,,{t1:argent;division:{division:perChevron;t:gules;line:rayonne};shield:round},https://watabou.github.io/city-generator/?name=Koguz&population=12449&size=34&seed=7531122100108&river=0&coast=0&farms=1&citadel=0&urban_castle=0&hub=0&plaza=0&greens=0&temple=0&walls=1&shantytown=0&style=natural
109,Pincanal,Algunagia,Algunagia County,Barolia,Principality of Barolia,Portuzian,Chaminta Pantheon,town,4334,1694.2,546.9,-14.61,137.66,52,63°F,Lisbon (Portugal),,,,,,,,{t1:or;division:{division:chevronny;t:azure};charges:[{charge:lionPassantGuardant;t:purpure;p:e;t2:purpure;t3:gules;divided:counter;size:1.5}];shield:renaissance},https://watabou.github.io/city-generator/?name=Pincanal&population=4334&size=23&seed=7531122100109&river=0&coast=0&farms=1&citadel=0&urban_castle=0&hub=0&plaza=0&greens=0&temple=0&walls=0&shantytown=0&style=natural
110,Dovani,Ake,Ake Earldom,Esenkoryurt,Esenkoryurt Khaganate,Turchian,Turchian Spirits,town,2927,703.04,572.02,-19.42,-48.18,161,61°F,Dubrovnik (Croatia),,,,,,,,{t1:sable;charges:[{charge:garb;t:or;p:e;t2:or;size:1.5}];shield:round},https://watabou.github.io/city-generator/?name=Dovani&population=2927&size=19&seed=7531122100110&river=0&coast=0&farms=1&citadel=0&urban_castle=0&hub=0&plaza=0&greens=0&temple=0&walls=0&shantytown=0&style=natural
111,Chanville,Chanville,Chanville Deanery,Piereia,Bishopric of Piereia,Luari,Fercellesism,town,9590,223.68,434.27,6.93,-138.06,52,66°F,Marrakesh (Morocco),,,,walls,,,,{t1:or;charges:[{charge:falcon;t:gules;p:e;t2:gules;t3:sable;size:1.5}];shield:french},https://watabou.github.io/city-generator/?name=Chanville&population=9590&size=30&seed=7531122100111&river=0&coast=0&farms=1&citadel=0&urban_castle=0&hub=0&plaza=0&greens=0&temple=0&walls=1&shantytown=0&style=natural
112,Sarprak,Ake,Ake Earldom,Esenkoryurt,Esenkoryurt Khaganate,Turchian,Turchian Spirits,city,16384,700.17,598.1,-24.41,-48.72,118,57°F,Washington (D.C.),,port,,walls,,,,{t1:or;division:{division:perSaltire;t:azure};charges:[{charge:roundel;t:sable;p:b;size:0.5};{charge:sabre2;t:argent;p:d;size:0.5;reversed:1};{charge:unicornRampant;t:argent;p:f;size:0.5};{charge:crossPattee;t:gules;p:h;size:0.5}];shield:round},https://watabou.github.io/city-generator/?name=Sarprak&population=16384&size=37&seed=7531122100112&river=1&coast=1&farms=1&citadel=0&urban_castle=0&hub=0&plaza=0&greens=0&temple=0&walls=1&shantytown=0&style=natural
113,Yelgenev,Aleri,Aleri Earldom,Esenkoryurt,Esenkoryurt Khaganate,Turchian,Turchian Spirits,city,13563,781.58,689.85,-41.96,-33.45,554,39°F,Reykjavik (Iceland),,,,walls,,,,{t1:azure;charges:[{charge:wolfStatant;t:argent;p:e;t2:argent;t3:argent;size:1.5}];shield:round},https://watabou.github.io/city-generator/?name=Yelgenev&population=13563&size=35&seed=7531122100113&river=0&coast=0&farms=1&citadel=0&urban_castle=0&hub=0&plaza=0&greens=0&temple=0&walls=1&shantytown=0&style=natural
114,Erokerbak,Thingaria,Thingaria Parish,Piereia,Bishopric of Piereia,Norse,Norse Forefathers,city,17936,347.07,468.93,0.3,-114.92,1736,57°F,Washington (D.C.),,,,walls,,,,{t1:ermine-argent-sable;ordinaries:[{ordinary:pale;t:purpure;line:straight}];charges:[{charge:archer;t:argent;p:beh;t2:argent;t3:argent;size:0.5}];shield:heater},https://watabou.github.io/city-generator/?name=Erokerbak&population=17936&size=39&seed=7531122100114&river=0&coast=0&farms=0&citadel=0&urban_castle=0&hub=0&plaza=0&greens=0&temple=0&walls=1&shantytown=0&style=natural
115,Argyreum,Todosia,Todosia Parish,Lalylisia,Exarchate of Lalylisia,Elladan,Gourm Pantheon,town,5694,604.3,300.5,32.52,-66.69,13,41°F,Harbin (China),,,,,,,,{t1:vert;ordinaries:[{ordinary:quarter;t:or}];charges:[{charge:lanceWithBanner;t:vert;p:j;t2:vert;t3:vert;size:0.5}];shield:boeotian},https://watabou.github.io/city-generator/?name=Argyreum&population=5694&size=25&seed=7531122100115&river=0&coast=0&farms=1&citadel=0&urban_castle=0&hub=0&plaza=0&greens=0&temple=0&walls=0&shantytown=0&style=natural
116,Cellenolano,Piana,Piana Parish,Casteleria,Divine Principality of Casteleria,Tallian,Vepar Pantheon,town,5486,1558.24,562.69,-17.63,112.17,472,61°F,Dubrovnik (Croatia),,,,,,,,{t1:vert;ordinaries:[{ordinary:saltire;t:argent;line:straight}];charges:[{charge:rustre;t:vert;p:e;size:0.7}];shield:horsehead},https://watabou.github.io/city-generator/?name=Cellenolano&population=5486&size=25&seed=7531122100116&river=0&coast=0&farms=1&citadel=0&urban_castle=0&hub=0&plaza=0&greens=0&temple=0&walls=0&shantytown=0&style=natural
117,Sercy,Monthivevia,Monthivevia County,Presia,Principality of Presia,Luari,Fercellesism,town,7343,438,337.1,25.52,-97.87,13,50°F,London (England),,,,,,,,{t1:gules;ordinaries:[{ordinary:crossParted;t:argent;line:raguly}];charges:[{charge:lionHeadCaboshed;t:vert;p:e;t2:argent;size:1.5}];shield:french},https://watabou.github.io/city-generator/?name=Sercy&population=7343&size=28&seed=7531122100117&river=0&coast=0&farms=1&citadel=0&urban_castle=0&hub=0&plaza=0&greens=0&temple=0&walls=0&shantytown=0&style=natural
118,Kelma,Koriluvepo,Koriluvepo Parish,Casteleria,Divine Principality of Casteleria,Soumi,Vepar Pantheon,village,1379,1654.24,687.46,-41.5,130.17,52,41°F,Harbin (China),,,,walls,,,,{t1:or;division:{division:perPale;t:gules;line:straight};charges:[{charge:horseshoe;t:azure;p:e;divided:field;size:1.5};{charge:fusil;t:argent;p:e;divided:division;size:1.5}];shield:pavise},https://watabou.github.io/village-generator/?pop=1379&name=Kelma&seed=7531122100118&width=1400&height=683&style=snow&tags=dead+end%2Cno+square%2Cpalisade%2Cdense
119,Lerundaurum,Tartius,Tartius Parish,Sampi,Brotherhood of Sampi,Romian,Sgurcelan Deities,village,1047,1158.3,394.4,14.56,37.18,161,61°F,Dubrovnik (Croatia),,,,,,,,{t1:argent;ordinaries:[{ordinary:label;t:azure}];charges:[{charge:castle;t:gules;p:pqn;t2:gules;size:0.5}];shield:roman},https://watabou.github.io/village-generator/?pop=1047&name=Lerundaurum&seed=7531122100119&width=1400&height=683&style=default&tags=dead+end%2Cno+square%2Cdense
120,Psychra,Psychra,Psychra Parish,Lalylisia,Exarchate of Lalylisia,Elladan,Gourm Pantheon,town,11392,520.66,451.34,3.67,-82.38,738,63°F,Lisbon (Portugal),,,,walls,,,,{t1:sable;division:{division:perCross;t:argent;line:indented};charges:[{charge:cock;t:or;p:e;t2:or;t3:or;size:1.5}];shield:boeotian},https://watabou.github.io/city-generator/?name=Psychra&population=11392&size=33&seed=7531122100120&river=1&coast=0&farms=1&citadel=0&urban_castle=0&hub=0&plaza=0&greens=0&temple=0&walls=1&shantytown=0&style=natural
121,Yedielya,Ayay,Ayay Margrave,Esenkoryurt,Esenkoryurt Khaganate,Turchian,Turchian Spirits,village,1828,734.22,628.57,-30.24,-42.33,554,50°F,London (England),,,,,,,,{t1:sable;charges:[{charge:basilisk;t:argent;p:kn;t2:argent;t3:or;size:0.7}];shield:round},https://watabou.github.io/village-generator/?pop=1828&name=Yedielya&seed=7531122100121&width=1600&height=780&style=default&tags=dead+end%2Cfarmland%2Cno+square%2Cdense
122,Wigham,Garebia,Garebia County,Lydonland,Kingdom of Lydonland,Angshire,Angshire Spirits,town,3987,1201.67,732.77,-50.17,45.31,210,34°F,Arkhangelsk (Russia),,,,,,,,{t1:semy_of_billet-argent-gules;charges:[{charge:cavalier;t:purpure;p:e;t2:purpure;t3:purpure;size:1.5}];shield:wedged},https://watabou.github.io/city-generator/?name=Wigham&population=3987&size=22&seed=7531122100122&river=0&coast=0&farms=0&citadel=0&urban_castle=0&hub=0&plaza=0&greens=0&temple=0&walls=0&shantytown=0&style=natural
123,Givraines,Morieauve,Morieauve Parish,Piereia,Bishopric of Piereia,Luari,Fercellesism,village,1930,211.63,390.69,15.27,-140.32,13,63°F,Lisbon (Portugal),,,,,,,,{t1:gules;ordinaries:[{ordinary:cross;t:argent;line:archedReversed}];charges:[{charge:mullet6;t:argent;p:acgi;size:0.5}];shield:french},https://watabou.github.io/village-generator/?pop=1930&name=Givraines&seed=7531122100123&width=1600&height=780&style=default&tags=dead+end%2Cno+square%2Cdense
124,Aktaspian,Aktaspian,Aktaspian Parish,Lalylisia,Exarchate of Lalylisia,Elladan,Gourm Pantheon,town,10606,604.21,479.41,-1.7,-66.71,210,66°F,Marrakesh (Morocco),,port,,walls,,,,{t1:sable;charges:[{charge:lymphad;t:or;p:e;t2:or;t3:or;size:1.5}];shield:boeotian},https://watabou.github.io/city-generator/?name=Aktaspian&population=10606&size=32&seed=7531122100124&river=0&coast=1&farms=1&citadel=0&urban_castle=0&hub=1&plaza=0&greens=0&temple=0&walls=1&shantytown=0&style=natural&sea=0.28
125,Fianiniano,Belia,Belia Parish,Casteleria,Divine Principality of Casteleria,Tallian,Vepar Pantheon,village,1026,1598.11,595.04,-23.82,119.65,161,57°F,Washington (D.C.),,,,,,,,{t1:argent;charges:[{charge:bell;t:sable;p:e;t2:sable;size:1.5}];shield:horsehead},https://watabou.github.io/village-generator/?pop=1026&name=Fianiniano&seed=7531122100125&width=1400&height=683&style=default&tags=dead+end%2Cno+square%2Cdense
126,Lueilasira,Lueilasira,Lueilasira Parish,Casteleria,Divine Principality of Casteleria,Portuzian,Vepar Pantheon,city,20467,1627.79,597.89,-24.37,125.21,30,57°F,Washington (D.C.),,,citadel,walls,,temple,shanty town,{t1:argent;charges:[{charge:dove;t:argent;p:e;t2:argent;size:1.5}];shield:renaissance},https://watabou.github.io/city-generator/?name=Lueilasira&population=20467&size=41&seed=7531122100126&river=1&coast=0&farms=1&citadel=1&urban_castle=1&hub=0&plaza=0&greens=0&temple=1&walls=1&shantytown=1&style=natural
127,Aunium,Bonimbri,Bonimbri Governorate,Viroval,Republic of Viroval,Romian,Ponstatra Deities,town,8455,1188.25,618.34,-28.28,42.8,82,55°F,Milan (Italy),,port,,,,,,{t1:pally-purpure-or;division:{division:perChevron;t:argent;line:straight};ordinaries:[{ordinary:saltire;t:vert;line:straight}];shield:roman},https://watabou.github.io/city-generator/?name=Aunium&population=8455&size=29&seed=7531122100127&river=0&coast=1&farms=1&citadel=0&urban_castle=0&hub=0&plaza=0&greens=0&temple=0&walls=0&shantytown=0&style=natural&sea=0.99
128,Ereki,Adi,Adi Margrave,Esenkoryurt,Esenkoryurt Khaganate,Turchian,Turchian Spirits,town,3860,726.7,653.61,-35.03,-43.74,738,46°F,Prague (Czechia),,,,,,,,{t1:argent;ordinaries:[{ordinary:chief;t:gules;line:raguly}];charges:[{charge:cavalier;t:argent;p:abc;t2:argent;t3:azure;size:0.5}];shield:round},https://watabou.github.io/city-generator/?name=Ereki&population=3860&size=22&seed=7531122100128&river=0&coast=0&farms=1&citadel=0&urban_castle=0&hub=0&plaza=0&greens=0&temple=0&walls=0&shantytown=0&style=natural
129,Charceneuxy,Orvileurs,Orvileurs County,Presia,Principality of Presia,Luari,Fercellesism,city,16413,412.02,369.3,19.36,-102.75,397,57°F,Washington (D.C.),,,citadel,walls,,,,{t1:sable;ordinaries:[{ordinary:terrace;t:argent;line:straight}];charges:[{charge:bell;t:or;p:e;t2:or;size:1.5}];shield:french},https://watabou.github.io/city-generator/?name=Charceneuxy&population=16413&size=37&seed=7531122100129&river=0&coast=0&farms=1&citadel=1&urban_castle=0&hub=1&plaza=0&greens=0&temple=0&walls=1&shantytown=0&style=natural
130,Skipseabing,Hinckhampia,Hinckhampia County,Lydonland,Kingdom of Lydonland,Angshire,Angshire Spirits,town,5749,1064.97,584.64,-21.83,19.68,161,61°F,Dubrovnik (Croatia),,,,,,,,{t1:chequy-azure-argent;division:{division:perPile;t:or;line:straight};shield:wedged},https://watabou.github.io/city-generator/?name=Skipseabing&population=5749&size=25&seed=7531122100130&river=0&coast=0&farms=1&citadel=0&urban_castle=0&hub=0&plaza=0&greens=0&temple=0&walls=0&shantytown=0&style=natural
131,Petrovia,Sutria,Sutria Parish,Sampi,Brotherhood of Sampi,Tallian,Sgurcelan Deities,city,18306,1279.08,317.76,29.22,59.83,738,45°F,Montreal (Canada),,,citadel,,,,,{t1:barry-argent-sable;ordinaries:[{ordinary:chief;t:sable;line:straight}];shield:horsehead},https://watabou.github.io/city-generator/?name=Petrovia&population=18306&size=39&seed=7531122100131&river=0&coast=0&farms=1&citadel=1&urban_castle=0&hub=0&plaza=0&greens=0&temple=0&walls=0&shantytown=0&style=natural
132,Achern,Ebrandtnau,Ebrandtnau Parish,Lalylisia,Exarchate of Lalylisia,Shwazen,Deities of the Enlightened Being,town,2604,548.37,321.79,28.45,-77.18,161,46°F,Prague (Czechia),,,,,,,,{t1:sable;division:{division:perPale;t:vairEnPointe-argent-gules;line:urdy};charges:[{charge:crescent;t:or;p:p;size:0.7};{charge:lizard;t:azure;p:q;size:0.7}];shield:swiss},https://watabou.github.io/city-generator/?name=Achern&population=2604&size=19&seed=7531122100132&river=0&coast=0&farms=1&citadel=0&urban_castle=0&hub=0&plaza=0&greens=0&temple=0&walls=0&shantytown=0&style=natural
133,Gourma,Sasos,Sasos Parish,Bhryreria,Patriarchate of Bhryreria,Elladan,Gourm Pantheon,town,3067,626.42,397.82,13.9,-62.55,210,63°F,Lisbon (Portugal),,,,,,,,{t1:azure;division:{division:perPale;t:argent;line:straight};ordinaries:[{ordinary:pallReversed;t:or;divided:counter}];shield:boeotian},https://watabou.github.io/city-generator/?name=Gourma&population=3067&size=20&seed=7531122100133&river=0&coast=0&farms=1&citadel=0&urban_castle=0&hub=0&plaza=0&greens=0&temple=0&walls=0&shantytown=0&style=natural
134,Sarprayaz,Serkaytyurt,Serkaytyurt Margrave,Esenkoryurt,Esenkoryurt Khaganate,Turchian,Turchian Spirits,town,3708,898.13,629.58,-30.43,-11.6,643,50°F,London (England),,,,,,,,{t1:gules;ordinaries:[{ordinary:fessDoubleCotissed;t:argent;line:dentilly}];charges:[{charge:mullet4;t:vert;p:def;size:0.4}];shield:round},https://watabou.github.io/city-generator/?name=Sarprayaz&population=3708&size=21&seed=7531122100134&river=0&coast=0&farms=1&citadel=0&urban_castle=0&hub=0&plaza=0&greens=0&temple=0&walls=0&shantytown=0&style=natural
135,Buydibey,Buydibey,Buydibey County,Beytekyurt,Beytekyurt Horde,Turchian,Turchian Spirits,town,6324,608.08,639.21,-32.27,-65.98,161,52°F,Antwerp (Belgium),,port,,,,,,{t1:azure;division:{division:perPale;t:or;line:straight};charges:[{charge:grapeBunch;t:argent;p:jl;t2:argent;t3:argent;divided:field;size:0.7};{charge:wasp;t:gules;p:pq;divided:division;size:0.7}];shield:round},https://watabou.github.io/city-generator/?name=Buydibey&population=6324&size=26&seed=7531122100135&river=0&coast=1&farms=1&citadel=0&urban_castle=0&hub=1&plaza=0&greens=0&temple=0&walls=0&shantytown=0&style=natural&sea=0.91
136,Papithos,Papithos,Papithos Parish,Bhryreria,Patriarchate of Bhryreria,Elladan,Gourm Pantheon,city,15711,669.32,380.49,17.22,-54.5,52,61°F,Dubrovnik (Croatia),,,citadel,walls,,,,{t1:gules;ordinaries:[{ordinary:bendSinister;t:or;line:engrailed}];charges:[{charge:mullet6;t:purpure;p:lem;size:0.5}];shield:boeotian},https://watabou.github.io/city-generator/?name=Papithos&population=15711&size=37&seed=7531122100136&river=1&coast=0&farms=1&citadel=1&urban_castle=1&hub=0&plaza=0&greens=0&temple=0&walls=1&shantytown=0&style=natural
137,Yelbeli,Alteli,Alteli Barony,Beytekyurt,Beytekyurt Horde,Turchian,Turchian Spirits,town,8816,638.64,660.41,-36.33,-60.25,397,45°F,Montreal (Canada),,,,,,,,{t1:ermine-argent-sable;charges:[{charge:griffinRampant;t:azure;p:e;t2:azure;t3:vert;size:1.5}];shield:round},https://watabou.github.io/city-generator/?name=Yelbeli&population=8816&size=29&seed=7531122100137&river=0&coast=0&farms=1&citadel=0&urban_castle=0&hub=0&plaza=0&greens=0&temple=0&walls=0&shantytown=0&style=natural
138,Rejontera,Ludequejar,Ludequejar County,Alverenia,Duchy of Alverenia,Astellian,Alverenese Pantheon,town,3540,208.67,647.08,-33.78,-140.87,13,48°F,Copenhagen (Denmark),,,,walls,,,,{t1:argent;ordinaries:[{ordinary:chief;t:sable;line:straight}];charges:[{charge:garb;t:or;p:abc;t2:or;size:0.5}];shield:spanish},https://watabou.github.io/city-generator/?name=Rejontera&population=3540&size=21&seed=7531122100138&river=1&coast=0&farms=1&citadel=0&urban_castle=0&hub=0&plaza=0&greens=0&temple=0&walls=1&shantytown=0&style=natural
139,Fonta,Fonta,Fonta Barony,Arvicola,Arvicolan Empire,Tallian,Tallian Spirits,city,13944,1473.38,557.91,-16.72,96.26,328,63°F,Lisbon (Portugal),,,,,,,,{t1:or;charges:[{charge:bookClosed;t:gules;p:e;t2:gules;t3:gules;size:1.5;sinister:1}];shield:horsehead},https://watabou.github.io/city-generator/?name=Fonta&population=13944&size=35&seed=7531122100139&river=1&coast=0&farms=1&citadel=0&urban_castle=0&hub=0&plaza=0&greens=0&temple=0&walls=0&shantytown=0&style=natural
140,Gaye,Obaman,Obaman Seneschalty,Esenkoryurt,Esenkoryurt Khaganate,Turchian,Turchian Spirits,village,1079,849.59,608.74,-26.44,-20.7,82,55°F,Milan (Italy),,,,,,,,{t1:gules;charges:[{charge:bullHeadCaboshed;t:argent;p:e;t2:argent;size:1.5}];shield:round},https://watabou.github.io/village-generator/?pop=1079&name=Gaye&seed=7531122100140&width=1400&height=683&style=default&tags=dead+end%2Cno+square%2Cdense
141,Colleneva,Colleneva,Colleneva County,Arvicola,Arvicolan Empire,Tallian,Tallian Spirits,town,11647,1350.77,560.74,-17.26,73.27,1736,57°F,Washington (D.C.),,,citadel,,,,,{t1:or;charges:[{charge:key;t:vert;p:e;size:1.5}];shield:horsehead},https://watabou.github.io/city-generator/?name=Colleneva&population=11647&size=33&seed=7531122100141&river=0&coast=0&farms=1&citadel=1&urban_castle=0&hub=0&plaza=0&greens=0&temple=0&walls=0&shantytown=0&style=natural
142,Ayay,Ayay,Ayay Margrave,Esenkoryurt,Esenkoryurt Khaganate,Turchian,Turchian Spirits,city,15103,732.12,599.85,-24.74,-42.73,161,57°F,Washington (D.C.),,,citadel,walls,,,,{t1:argent;division:{division:perPale;t:gules;line:straight};charges:[{charge:roundel;t:azure;p:pq;divided:counter;size:0.7}];shield:round},https://watabou.github.io/city-generator/?name=Ayay&population=15103&size=36&seed=7531122100142&river=0&coast=0&farms=1&citadel=1&urban_castle=1&hub=0&plaza=0&greens=0&temple=0&walls=1&shantytown=0&style=natural
143,Cella,Rioflase,Rioflase Margrave,Arvicola,Arvicolan Empire,Tallian,Tallian Spirits,town,5368,1391.08,574.57,-19.91,80.83,948,57°F,Washington (D.C.),,,,,,,,{t1:azure;charges:[{charge:wolfPassant;t:argent;p:e;t2:argent;t3:argent;size:1.5}];shield:horsehead},https://watabou.github.io/city-generator/?name=Cella&population=5368&size=24&seed=7531122100143&river=0&coast=0&farms=1&citadel=0&urban_castle=0&hub=0&plaza=0&greens=0&temple=0&walls=0&shantytown=0&style=natural
144,Dopuz,Baharyurt,Baharyurt Earldom,Esenkoryurt,Esenkoryurt Khaganate,Turchian,Turchian Spirits,town,7334,714.3,513.65,-8.25,-46.07,30,64°F,Barcelona (Spain),,port,,,,,,{t1:sable;ordinaries:[{ordinary:pale;t:argent;line:invecked}];shield:round},https://watabou.github.io/city-generator/?name=Dopuz&population=7334&size=28&seed=7531122100144&river=0&coast=1&farms=1&citadel=0&urban_castle=0&hub=0&plaza=0&greens=0&temple=0&walls=0&shantytown=0&style=natural&sea=0.62
145,Enairapit,Ptepidotira,Ptepidotira Parish,Bhryreria,Patriarchate of Bhryreria,Elladan,Gourm Pantheon,town,5085,672.6,491.7,-4.06,-53.89,30,66°F,Marrakesh (Morocco),,,,,,,,{t1:gules;charges:[{charge:cannon;t:or;p:jln;t2:argent;size:0.7}];shield:boeotian},https://watabou.github.io/city-generator/?name=Enairapit&population=5085&size=24&seed=7531122100145&river=0&coast=0&farms=1&citadel=0&urban_castle=0&hub=0&plaza=0&greens=0&temple=0&walls=0&shantytown=0&style=natural
146,Forvao,Flecheiro,Flecheiro Barony,Arvicola,Arvicolan Empire,Portuzian,Chaminta Pantheon,town,4929,1627.24,377.78,17.74,125.11,840,57°F,Washington (D.C.),,,citadel,,,,,{t1:azure;charges:[{charge:mulletPierced;t:or;p:jlh;size:0.7}];shield:renaissance},https://watabou.github.io/city-generator/?name=Forvao&population=4929&size=24&seed=7531122100146&river=1&coast=0&farms=1&citadel=1&urban_castle=1&hub=0&plaza=0&greens=0&temple=0&walls=0&shantytown=0&style=natural
147,Pattefiapen,Pattefiapen,Pattefiapen Barony,Arvicola,Arvicolan Empire,Tallian,Tallian Spirits,city,14840,1587.73,493.59,-4.42,117.7,738,63°F,Lisbon (Portugal),,,,,,,,{t1:bendy-argent-azure;division:{division:perCross;t:gules;line:straight};shield:horsehead},https://watabou.github.io/city-generator/?name=Pattefiapen&population=14840&size=36&seed=7531122100147&river=0&coast=0&farms=1&citadel=0&urban_castle=0&hub=1&plaza=0&greens=0&temple=0&walls=0&shantytown=0&style=natural
148,Orchosei,Orchosei,Orchosei Parish,Bhryreria,Patriarchate of Bhryreria,Elladan,Gourm Pantheon,town,7503,774.38,272.94,37.79,-34.8,13,36°F,Anchorage (Alaska),,,,,plaza,,,{t1:azure;division:{division:perFess;t:or;line:straight};charges:[{charge:fleurDeLis;t:argent;p:k;size:0.7};{charge:anchor;t:gules;p:n;size:0.7}];shield:boeotian},https://watabou.github.io/city-generator/?name=Orchosei&population=7503&size=28&seed=7531122100148&river=0&coast=0&farms=0&citadel=0&urban_castle=0&hub=0&plaza=1&greens=1&temple=0&walls=0&shantytown=0&style=natural
149,Grantnescom,Grantnescom,Grantnescom County,Lydonland,Kingdom of Lydonland,Angshire,Angshire Spirits,town,6723,1064.74,628.46,-30.22,19.64,554,50°F,London (England),,,,,,,,{t1:chequy-azure-argent;division:{division:perPale;t:argent;line:straight};shield:wedged},https://watabou.github.io/city-generator/?name=Grantnescom&population=6723&size=27&seed=7531122100149&river=0&coast=0&farms=1&citadel=0&urban_castle=0&hub=0&plaza=0&greens=0&temple=0&walls=0&shantytown=0&style=natural
150,Genetodutri,Piana,Piana Parish,Casteleria,Divine Principality of Casteleria,Tallian,Vepar Pantheon,town,5624,1573.49,598.58,-24.5,115.03,118,57°F,Washington (D.C.),,,,,,,,{t1:gules;division:{division:perFess;t:argent;line:wavy};charges:[{charge:horseRampant;t:or;p:k;t2:or;t3:or;size:0.7};{charge:wolfRampant;t:azure;p:n;size:0.7}];shield:horsehead},https://watabou.github.io/city-generator/?name=Genetodutri&population=5624&size=25&seed=7531122100150&river=0&coast=0&farms=1&citadel=0&urban_castle=0&hub=0&plaza=0&greens=0&temple=0&walls=0&shantytown=0&style=natural
151,Yelduyazo,Buydibey,Buydibey County,Beytekyurt,Beytekyurt Horde,Turchian,Turchian Spirits,village,1106,626.14,633.78,-31.23,-62.6,472,50°F,London (England),,,,,,,,{t1:gules;charges:[{charge:arbalest2;t:or;p:e;size:1.5}];shield:round},https://watabou.github.io/village-generator/?pop=1106&name=Yelduyazo&seed=7531122100151&width=1400&height=683&style=default&tags=highway%2Cno+square%2Cdense
152,Lugrorum,Alaquenia,Alaquenia Province,Viroval,Republic of Viroval,Romian,Ponstatra Deities,village,1111,1171.7,573.5,-19.7,39.69,52,61°F,Dubrovnik (Croatia),,,,,,,,{t1:azure;division:{division:perPile;t:argent;line:indented};charges:[{charge:bucket;t:or;p:abc;t2:or;size:0.4}];shield:roman},https://watabou.github.io/village-generator/?pop=1111&name=Lugrorum&seed=7531122100152&width=1400&height=683&style=default&tags=dead+end%2Cfarmland%2Cno+square%2Cdense
153,Inbrogh,Pabecibia,Pabecibia County,Barolia,Principality of Barolia,Keltan,Keltan Spirits,town,5232,1645.01,482.89,-2.37,128.44,266,64°F,Barcelona (Spain),,,,,,,,{t1:sable;charges:[{charge:grenade;t:argent;p:abc;t2:argent;size:0.5}];shield:oval},https://watabou.github.io/city-generator/?name=Inbrogh&population=5232&size=24&seed=7531122100153&river=0&coast=0&farms=1&citadel=0&urban_castle=0&hub=0&plaza=0&greens=0&temple=0&walls=0&shantytown=0&style=natural
154,Florum,Lintia,Lintia Province,Viroval,Republic of Viroval,Romian,Ponstatra Deities,town,5826,1191.48,587.35,-22.35,43.4,1312,55°F,Milan (Italy),,,,,,,,{t1:azure;division:{division:perPale;t:argent;line:straight};charges:[{charge:fleurDeLis;t:or;p:p;size:0.7};{charge:ramHeadErased;t:vert;p:q;size:0.7}];shield:roman},https://watabou.github.io/city-generator/?name=Florum&population=5826&size=25&seed=7531122100154&river=0&coast=0&farms=1&citadel=0&urban_castle=0&hub=0&plaza=0&greens=0&temple=0&walls=0&shantytown=0&style=natural
155,Lochilorgor,Pattefiapen,Pattefiapen Barony,Arvicola,Arvicolan Empire,Keltan,Keltan Spirits,town,5707,1591.39,476.67,-1.18,118.39,554,64°F,Barcelona (Spain),,,,walls,,,,{t1:or;division:{division:perFess;t:sable;line:potentyDexter};charges:[{charge:hook;t:purpure;p:k;size:0.7};{charge:mace;t:argent;p:n;size:0.7}];shield:oval},https://watabou.github.io/city-generator/?name=Lochilorgor&population=5707&size=25&seed=7531122100155&river=1&coast=0&farms=1&citadel=0&urban_castle=0&hub=0&plaza=0&greens=0&temple=0&walls=1&shantytown=0&style=natural
156,Vetrelci,Tusianito,Tusianito Deanery,Casteleria,Divine Principality of Casteleria,Tallian,Vepar Pantheon,village,1739,1490.26,639.25,-32.28,99.42,554,50°F,London (England),,,,,,,,{t1:ermine-argent-sable;ordinaries:[{ordinary:bendSinister;t:gules;line:straight}];charges:[{charge:anchor;t:argent;p:lem;size:0.5}];shield:horsehead},https://watabou.github.io/village-generator/?pop=1739&name=Vetrelci&seed=7531122100156&width=1600&height=780&style=default&tags=dead+end%2Cno+square%2Cdense
157,Ferleganve,Pattefiapen,Pattefiapen Barony,Arvicola,Arvicolan Empire,Keltan,Keltan Spirits,village,1220,1582.54,469.81,0.13,116.73,840,63°F,Lisbon (Portugal),,,,,,,,{t1:sable;division:{division:perCross;t:or;line:embattledGhibellin};charges:[{charge:cavalier;t:argent;p:j;t2:argent;t3:argent;size:0.6};{charge:helmetGreat;t:azure;p:l;size:0.6};{charge:castle;t:gules;p:m;size:0.6};{charge:billet;t:or;p:o;size:0.6}];shield:oval},https://watabou.github.io/village-generator/?pop=1220&name=Ferleganve&seed=7531122100157&width=1400&height=683&style=default&tags=river%2Cdead+end%2Cno+square%2Cdense
158,Phaion,Phaion,Phaion Parish,Bhryreria,Patriarchate of Bhryreria,Elladan,Gourm Pantheon,town,9976,860.22,365.52,20.08,-18.71,118,55°F,Milan (Italy),,port,,,,,,{t1:gules;charges:[{charge:crossPattee;t:argent;p:e;size:1.5}];shield:boeotian},https://watabou.github.io/city-generator/?name=Phaion&population=9976&size=31&seed=7531122100158&river=0&coast=1&farms=1&citadel=0&urban_castle=0&hub=0&plaza=0&greens=0&temple=0&walls=0&shantytown=0&style=natural&sea=1.81
159,Duliobris,Ulpiatu,Ulpiatu Governorate,Viroval,Republic of Viroval,Romian,Ponstatra Deities,town,4381,1232.56,635.79,-31.62,51.1,161,52°F,Antwerp (Belgium),,,,,,,,{t1:sable;charges:[{charge:lute;t:or;p:e;t2:argent;size:1.5}];shield:roman},https://watabou.github.io/city-generator/?name=Duliobris&population=4381&size=23&seed=7531122100159&river=0&coast=0&farms=1&citadel=0&urban_castle=0&hub=0&plaza=0&greens=0&temple=0&walls=0&shantytown=0&style=natural
160,Dudmin,Tinor,Tinor County,Lydonland,Kingdom of Lydonland,Angshire,Angshire Spirits,town,2929,1091.67,599.8,-24.73,24.69,643,55°F,Milan (Italy),,,,,,,,{t1:or;charges:[{charge:lymphad;t:vert;p:e;t2:vert;t3:vert;size:1.5}];shield:wedged},https://watabou.github.io/city-generator/?name=Dudmin&population=2929&size=19&seed=7531122100160&river=0&coast=0&farms=1&citadel=0&urban_castle=0&hub=0&plaza=0&greens=0&temple=0&walls=0&shantytown=0&style=natural
161,Sampagliado,Sgurcele,Sgurcele Parish,Sampi,Brotherhood of Sampi,Tallian,Sgurcelan Deities,town,4605,1250.57,301.62,32.3,54.48,554,39°F,Reykjavik (Iceland),,,,,,,,{t1:gules;ordinaries:[{ordinary:bordure;t:or}];charges:[{charge:boat;t:argent;p:peq;t2:argent;size:0.4}];shield:horsehead},https://watabou.github.io/city-generator/?name=Sampagliado&population=4605&size=23&seed=7531122100161&river=1&coast=0&farms=1&citadel=0&urban_castle=0&hub=0&plaza=0&greens=0&temple=0&walls=0&shantytown=0&style=natural
162,Elmanarka,Baharyurt,Baharyurt Earldom,Esenkoryurt,Esenkoryurt Khaganate,Turchian,Turchian Spirits,town,2882,723.6,514.3,-8.38,-44.32,30,64°F,Barcelona (Spain),,,citadel,,,,,{t1:purpure;ordinaries:[{ordinary:chief;t:or;line:straight}];charges:[{charge:shield;t:argent;p:emo;t2:argent;size:0.5}];shield:round},https://watabou.github.io/city-generator/?name=Elmanarka&population=2882&size=19&seed=7531122100162&river=0&coast=0&farms=1&citadel=1&urban_castle=1&hub=0&plaza=0&greens=0&temple=0&walls=0&shantytown=0&style=natural
163,Bormapena,Bormapena,Bormapena Parish,Casteleria,Divine Principality of Casteleria,Tallian,Vepar Pantheon,town,4954,1605.19,593.05,-23.44,120.97,118,57°F,Washington (D.C.),,,citadel,,,,,{t1:azure;division:{division:perCross;t:or;line:angled};charges:[{charge:snake;t:argent;p:e;t2:argent;size:1.5}];shield:horsehead},https://watabou.github.io/city-generator/?name=Bormapena&population=4954&size=24&seed=7531122100163&river=1&coast=0&farms=1&citadel=1&urban_castle=0&hub=1&plaza=0&greens=0&temple=0&walls=0&shantytown=0&style=natural
164,Telveirasmo,Fronhas,Fronhas County,Barolia,Principality of Barolia,Portuzian,Chaminta Pantheon,town,7307,1750.85,417.69,10.1,148.28,13,64°F,Barcelona (Spain),,,,,,,,{t1:or;charges:[{charge:salmon;t:vert;p:e;t2:vert;size:1.5}];shield:renaissance},https://watabou.github.io/city-generator/?name=Telveirasmo&population=7307&size=27&seed=7531122100164&river=1&coast=0&farms=1&citadel=0&urban_castle=0&hub=0&plaza=0&greens=0&temple=0&walls=0&shantytown=0&style=natural
165,Verisioduro,Ascria,Ascria Governorate,Viroval,Republic of Viroval,Romian,Ponstatra Deities,town,4014,1457.64,689.28,-41.85,93.31,328,39°F,Reykjavik (Iceland),,,,,,,,{t1:or;charges:[{charge:deerHeadCaboshed;t:gules;p:e;t2:gules;size:1.5}];shield:roman},https://watabou.github.io/city-generator/?name=Verisioduro&population=4014&size=22&seed=7531122100165&river=0&coast=0&farms=1&citadel=0&urban_castle=0&hub=0&plaza=0&greens=0&temple=0&walls=0&shantytown=0&style=natural
166,Guweinen,Kosinland,Kosinland County,Presia,Principality of Presia,Shwazen,Deities of the Enlightened Being,town,8837,489.29,299.85,32.64,-88.26,30,41°F,Harbin (China),,port,,,,,,{t1:gules;charges:[{charge:dolphin;t:or;p:e;t2:or;size:1.5}];shield:swiss},https://watabou.github.io/city-generator/?name=Guweinen&population=8837&size=30&seed=7531122100166&river=0&coast=1&farms=1&citadel=0&urban_castle=0&hub=0&plaza=0&greens=0&temple=0&walls=0&shantytown=0&style=natural&sea=0.55
167,Trairatemou,Chanville,Chanville Deanery,Piereia,Bishopric of Piereia,Luari,Fercellesism,town,6421,212.97,408.03,11.95,-140.07,30,64°F,Barcelona (Spain),,port,citadel,,,,,{t1:sable;charges:[{charge:anchor;t:or;p:jln;size:0.7}];shield:french},https://watabou.github.io/city-generator/?name=Trairatemou&population=6421&size=26&seed=7531122100167&river=0&coast=1&farms=1&citadel=1&urban_castle=0&hub=0&plaza=0&greens=0&temple=0&walls=0&shantytown=0&style=natural&sea=0.93
168,Chamasos,Kyriaras,Kyriaras Parish,Bhryreria,Patriarchate of Bhryreria,Elladan,Gourm Pantheon,town,5296,815.52,298.31,32.94,-27.09,118,41°F,Harbin (China),,,,,,,,{t1:gules;ordinaries:[{ordinary:terrace;t:or;line:escartely}];shield:boeotian},https://watabou.github.io/city-generator/?name=Chamasos&population=5296&size=24&seed=7531122100168&river=0&coast=0&farms=1&citadel=0&urban_castle=0&hub=0&plaza=0&greens=0&temple=0&walls=0&shantytown=0&style=natural
169,Serteki,Serteki,Serteki Margrave,Esenkoryurt,Esenkoryurt Khaganate,Turchian,Turchian Spirits,town,12872,683.59,582.04,-21.34,-51.83,118,61°F,Dubrovnik (Croatia),,port,,walls,,,,{t1:argent;division:{division:chevronny;t:vert};charges:[{charge:armillarySphere;t:azure;p:e;divided:counter;size:1.5}];shield:round},https://watabou.github.io/city-generator/?name=Serteki&population=12872&size=34&seed=7531122100169&river=1&coast=1&farms=1&citadel=0&urban_castle=0&hub=0&plaza=0&greens=0&temple=0&walls=1&shantytown=0&style=natural
170,Ptepidotira,Ptepidotira,Ptepidotira Parish,Bhryreria,Patriarchate of Bhryreria,Elladan,Gourm Pantheon,city,13441,681.9,496.5,-4.97,-52.14,52,66°F,Marrakesh (Morocco),,,,walls,,,,{t1:purpure;charges:[{charge:lanceWithBanner;t:or;p:jeo;t2:or;t3:or;size:0.5}];shield:boeotian},https://watabou.github.io/city-generator/?name=Ptepidotira&population=13441&size=35&seed=7531122100170&river=0&coast=0&farms=1&citadel=0&urban_castle=0&hub=0&plaza=0&greens=0&temple=0&walls=1&shantytown=0&style=natural
171,Yati,Alkan,Alkan Earldom,Esenkoryurt,Esenkoryurt Khaganate,Turchian,Turchian Spirits,town,2649,786.66,527.8,-10.96,-32.5,52,64°F,Barcelona (Spain),,port,,,,,,{t1:argent;charges:[{charge:greyhoundSejant;t:gules;p:kn;t2:gules;t3:gules;size:0.7}];shield:round},https://watabou.github.io/city-generator/?name=Yati&population=2649&size=19&seed=7531122100171&river=0&coast=1&farms=1&citadel=0&urban_castle=0&hub=0&plaza=0&greens=0&temple=0&walls=0&shantytown=0&style=natural&sea=0.3
172,Chalaion,Chalaion,Chalaion Parish,Bhryreria,Patriarchate of Bhryreria,Elladan,Gourm Pantheon,city,18566,721.43,311,30.51,-44.73,13,46°F,Prague (Czechia),,port,citadel,walls,,,,{t1:vert;charges:[{charge:eagleTwoHeads;t:or;p:e;t2:argent;t3:or;size:1.5}];shield:boeotian},https://watabou.github.io/city-generator/?name=Chalaion&population=18566&size=39&seed=7531122100172&river=0&coast=1&farms=1&citadel=1&urban_castle=1&hub=1&plaza=0&greens=0&temple=0&walls=1&shantytown=0&style=natural&sea=0.03
173,Fonalialeli,Fonalialeli,Fonalialeli Margrave,Arvicola,Arvicolan Empire,Tallian,Tallian Spirits,town,7301,1446.95,525.36,-10.49,91.3,948,61°F,Dubrovnik (Croatia),,,,,,,,{t1:argent;division:{division:gyronny;t:bendy-or-sable};shield:horsehead},https://watabou.github.io/city-generator/?name=Fonalialeli&population=7301&size=27&seed=7531122100173&river=0&coast=0&farms=1&citadel=0&urban_castle=0&hub=0&plaza=0&greens=0&temple=0&walls=0&shantytown=0&style=natural
174,Poglia,Valenia,Valenia Margrave,Arvicola,Arvicolan Empire,Tallian,Tallian Spirits,town,8264,1537.33,513.12,-8.15,108.25,1312,59°F,Rome (Italy),,,,,,,,{t1:or;charges:[{charge:dragonRampant;t:purpure;p:e;t2:gules;t3:purpure;size:1.5}];shield:horsehead},https://watabou.github.io/city-generator/?name=Poglia&population=8264&size=29&seed=7531122100174&river=0&coast=0&farms=1&citadel=0&urban_castle=0&hub=0&plaza=0&greens=0&temple=0&walls=0&shantytown=0&style=natural
175,Ablapon,Crorinthos,Crorinthos Parish,Bhryreria,Patriarchate of Bhryreria,Elladan,Gourm Pantheon,village,1685,854.8,346.86,23.65,-19.72,210,52°F,Antwerp (Belgium),,,,,,,,{t1:gules;charges:[{charge:crossVoided;t:or;p:e;size:1.5}];shield:boeotian},https://watabou.github.io/village-generator/?pop=1685&name=Ablapon&seed=7531122100175&width=1600&height=780&style=default&tags=dead+end%2Cfarmland%2Cno+square%2Cdense
176,Inversnach,Aray,Aray County,Arvicola,Arvicolan Empire,Keltan,Keltan Spirits,village,1617,1543.34,371.68,18.9,109.38,738,54°F,Paris (France),,port,,,,,,{t1:argent;division:{division:perFess;t:azure;line:straight};charges:[{charge:plaice;t:gules;p:jkl;t2:gules;divided:counter;size:0.5}];shield:oval},https://watabou.github.io/village-generator/?pop=1617&name=Inversnach&seed=7531122100176&width=1600&height=780&style=default&tags=coast%2Chighway%2Cno+square%2Cdense
177,Perstedge,Perstedge,Perstedge Margrave,Lydonland,Kingdom of Lydonland,Angshire,Angshire Spirits,town,8066,1044.33,642.91,-32.98,15.81,472,50°F,London (England),,,,,,,,{t1:chequy-azure-argent;division:{division:perCross;t:or;line:straight};shield:wedged},https://watabou.github.io/city-generator/?name=Perstedge&population=8066&size=29&seed=7531122100177&river=1&coast=0&farms=1&citadel=0&urban_castle=0&hub=0&plaza=0&greens=0&temple=0&walls=0&shantytown=0&style=natural
178,Poseicos,Kyriaras,Kyriaras Parish,Bhryreria,Patriarchate of Bhryreria,Elladan,Gourm Pantheon,town,2273,818.75,333.94,26.12,-26.48,161,50°F,London (England),,,,walls,,,,{t1:maily-argent-azure;ordinaries:[{ordinary:bar;t:vert;line:straight}];shield:boeotian},https://watabou.github.io/city-generator/?name=Poseicos&population=2273&size=18&seed=7531122100178&river=0&coast=0&farms=1&citadel=0&urban_castle=0&hub=0&plaza=0&greens=0&temple=0&walls=1&shantytown=0&style=natural
179,Sarjahato,Lonyalaszlia,Lonyalaszlia Earldom,Tiszalgaria,Kingdom of Tiszalgaria,Vengrian,Gods of the Sapphire Numen,town,2063,1271.2,491.39,-4,58.35,266,64°F,Barcelona (Spain),,port,,,,,,{t1:gules;charges:[{charge:cavalier;t:argent;p:e;t2:argent;t3:or;size:1.5}];shield:horsehead2},https://watabou.github.io/city-generator/?name=Sarjahato&population=2063&size=17&seed=7531122100179&river=1&coast=1&farms=1&citadel=0&urban_castle=0&hub=0&plaza=0&greens=0&temple=0&walls=0&shantytown=0&style=natural
180,Bouses,Chave,Chave County,Presia,Principality of Presia,Luari,Fercellesism,village,1668,410.02,385.32,16.29,-103.12,554,59°F,Rome (Italy),,,citadel,,,,,{t1:purpure;ordinaries:[{ordinary:cross;t:argent;line:straight}];charges:[{charge:eagle;t:purpure;p:e;t2:purpure;t3:purpure;size:0.5}];shield:french},https://watabou.github.io/village-generator/?pop=1668&name=Bouses&seed=7531122100180&width=1600&height=780&style=default&tags=river%2Cdead+end%2Cno+square%2Cdense
181,Thyzan,Thyzan,Thyzan Parish,Bhryreria,Patriarchate of Bhryreria,Elladan,Gourm Pantheon,town,6598,738.9,442.1,5.43,-41.46,30,66°F,Marrakesh (Morocco),,,citadel,,,,,{t1:gules;charges:[{charge:boat2;t:or;p:abc;size:0.5}];shield:boeotian},https://watabou.github.io/city-generator/?name=Thyzan&population=6598&size=26&seed=7531122100181&river=0&coast=0&farms=1&citadel=1&urban_castle=0&hub=0&plaza=0&greens=0&temple=0&walls=0&shantytown=0&style=natural
182,Gelavillas,Madrocia,Madrocia Shire,Padamia,Grand Duchy of Padamia,Astellian,Occultism of the Chief of Lightning,town,4862,254.13,562.7,-17.64,-132.35,2392,50°F,London (England),,,citadel,,,,,{t1:or;charges:[{charge:fusil;t:vert;p:abcpqh;size:0.5}];shield:spanish},https://watabou.github.io/city-generator/?name=Gelavillas&population=4862&size=24&seed=7531122100182&river=1&coast=0&farms=1&citadel=1&urban_castle=1&hub=0&plaza=0&greens=0&temple=0&walls=0&shantytown=0&style=natural
183,Cermo,Fulia,Fulia Parish,Casteleria,Divine Principality of Casteleria,Tallian,Vepar Pantheon,town,5921,1445.04,606.15,-25.95,90.95,472,54°F,Paris (France),,port,,,,,,{t1:semy_of_crossHummetty-sable-argent;division:{division:perFess;t:or;line:straight};shield:horsehead},https://watabou.github.io/city-generator/?name=Cermo&population=5921&size=25&seed=7531122100183&river=1&coast=1&farms=1&citadel=0&urban_castle=0&hub=0&plaza=0&greens=0&temple=0&walls=0&shantytown=0&style=natural
184,Patraio,Colia,Colia Parish,Casteleria,Divine Principality of Casteleria,Tallian,Vepar Pantheon,village,1176,1528.14,587.36,-22.35,106.53,472,59°F,Rome (Italy),,,,,,,,{t1:azure;division:{division:perFess;t:or;line:straight};ordinaries:[{ordinary:saltire;t:argent;line:straight}];shield:horsehead},https://watabou.github.io/village-generator/?pop=1176&name=Patraio&seed=7531122100184&width=1400&height=683&style=default&tags=highway%2Cno+square%2Cdense
185,Pakszentvanci,Kenci,Kenci Landgrave,Tiszalgaria,Kingdom of Tiszalgaria,Vengrian,Gods of the Sapphire Numen,town,7826,1300.19,616.36,-27.9,63.79,2392,46°F,Prague (Czechia),,,,,,,,{t1:or;charges:[{charge:key;t:purpure;p:e;size:1.5}];shield:horsehead2},https://watabou.github.io/city-generator/?name=Pakszentvanci&population=7826&size=28&seed=7531122100185&river=0&coast=0&farms=0&citadel=0&urban_castle=0&hub=1&plaza=0&greens=0&temple=0&walls=0&shantytown=0&style=natural
186,Liros,Abros,Abros Deanery,Bhryreria,Patriarchate of Bhryreria,Elladan,Gourm Pantheon,town,2119,826.46,376.82,17.92,-25.04,52,59°F,Rome (Italy),,port,,,,,,{t1:vair-azure-argent;division:{division:perCross;t:or;line:straight};shield:boeotian},https://watabou.github.io/city-generator/?name=Liros&population=2119&size=17&seed=7531122100186&river=0&coast=1&farms=1&citadel=0&urban_castle=0&hub=0&plaza=0&greens=0&temple=0&walls=0&shantytown=0&style=natural&sea=1.2
187,Laniralira,Flosaismoli,Flosaismoli County,Barolia,Principality of Barolia,Portuzian,Chaminta Pantheon,town,2702,1712.17,409.13,11.74,141.03,52,64°F,Barcelona (Spain),,port,,,,,,{t1:or;ordinaries:[{ordinary:pall;t:purpure}];charges:[{charge:tree;t:sable;p:BCKFEILGJbdmfo;size:0.18}];shield:renaissance},https://watabou.github.io/city-generator/?name=Laniralira&population=2702&size=19&seed=7531122100187&river=1&coast=1&farms=1&citadel=0&urban_castle=0&hub=1&plaza=0&greens=0&temple=0&walls=0&shantytown=0&style=natural&sea=0.56
188,Epepesensu,Aleri,Aleri Earldom,Esenkoryurt,Esenkoryurt Khaganate,Turchian,Turchian Spirits,village,1354,769.34,695.83,-43.1,-35.75,328,39°F,Reykjavik (Iceland),,port,,,,,,{t1:or;ordinaries:[{ordinary:bendletSinister;t:purpure;line:straight}];charges:[{charge:mulletFaceted;t:argent;p:lem;size:0.3}];shield:round},https://watabou.github.io/village-generator/?pop=1354&name=Epepesensu&seed=7531122100188&width=1400&height=683&style=snow&tags=coast%2Chighway%2Cno+square%2Cdense
189,Allas,Socen,Socen Shire,Estrielas,Duchy of Estrielas,Astellian,Alverenese Pantheon,town,6986,269.75,668.77,-37.93,-129.42,82,46°F,Prague (Czechia),,port,citadel,,,,,{t1:argent;charges:[{charge:horseRampant;t:vert;p:e;t2:vert;t3:vert;size:1.5}];shield:spanish},https://watabou.github.io/city-generator/?name=Allas&population=6986&size=27&seed=7531122100189&river=1&coast=1&farms=1&citadel=1&urban_castle=0&hub=0&plaza=0&greens=0&temple=0&walls=0&shantytown=0&style=natural&sea=1.49
190,Ayrazkopuz,Ayrazkopuz,Ayrazkopuz County,Esenkoryurt,Esenkoryurt Khaganate,Turchian,Turchian Spirits,town,12832,926.77,591.56,-23.16,-6.23,82,61°F,Dubrovnik (Croatia),,,,walls,,,,{t1:argent;charges:[{charge:lionPassantGuardant;t:vert;p:e;t2:purpure;t3:vert;size:1.5}];shield:round},https://watabou.github.io/city-generator/?name=Ayrazkopuz&population=12832&size=34&seed=7531122100190&river=1&coast=0&farms=1&citadel=0&urban_castle=0&hub=0&plaza=0&greens=0&temple=0&walls=1&shantytown=0&style=natural
191,Siganestil,Contidesia,Contidesia County,Padamia,Grand Duchy of Padamia,Astellian,Alverenese Pantheon,town,3866,287.13,474.66,-0.8,-126.16,328,64°F,Barcelona (Spain),,port,,,,,,{t1:argent;charges:[{charge:shipWheel;t:sable;p:jln;size:0.7}];shield:spanish},https://watabou.github.io/city-generator/?name=Siganestil&population=3866&size=22&seed=7531122100191&river=1&coast=1&farms=1&citadel=0&urban_castle=0&hub=0&plaza=0&greens=0&temple=0&walls=0&shantytown=0&style=natural
192,Achargytion,Smyrgip,Smyrgip Deanery,Ecelia,Eparchy of Ecelia,Elladan,Gourm Pantheon,city,13736,559.74,608.98,-26.49,-75.05,1890,48°F,Copenhagen (Denmark),,,,walls,,,,{t1:purpure;charges:[{charge:mallet;t:or;p:e;t2:argent;size:1.5}];shield:boeotian},https://watabou.github.io/city-generator/?name=Achargytion&population=13736&size=35&seed=7531122100192&river=0&coast=0&farms=1&citadel=0&urban_castle=0&hub=0&plaza=0&greens=0&temple=0&walls=1&shantytown=0&style=natural
193,Brumen,Orsvisia,Orsvisia Parish,Piereia,Bishopric of Piereia,Norse,Norse Forefathers,town,12831,329.09,452,3.54,-118.3,2051,59°F,Rome (Italy),,,,walls,,,,{t1:gules;ordinaries:[{ordinary:orle;t:argent}];charges:[{charge:spear;t:or;p:abc;t2:or;size:0.5}];shield:heater},https://watabou.github.io/city-generator/?name=Brumen&population=12831&size=34&seed=7531122100193&river=0&coast=0&farms=0&citadel=0&urban_castle=0&hub=0&plaza=0&greens=0&temple=0&walls=1&shantytown=0&style=natural
194,Tjarvi,Ernoy,Ernoy Parish,Piereia,Bishopric of Piereia,Norse,Norse Forefathers,town,9331,337.05,398.81,13.71,-116.8,3573,50°F,London (England),,,,,,,,{t1:sable;charges:[{charge:crossHummetty;t:or;p:e;size:1.5}];shield:heater},https://watabou.github.io/city-generator/?name=Tjarvi&population=9331&size=30&seed=7531122100194&river=0&coast=0&farms=0&citadel=0&urban_castle=0&hub=0&plaza=0&greens=0&temple=0&walls=0&shantytown=0&style=natural
195,Rosnaidduro,Llantinbhu,Llantinbhu County,Arvicola,Arvicolan Empire,Keltan,Keltan Spirits,town,4931,1559.76,398.02,13.86,112.45,738,59°F,Rome (Italy),,,,walls,,,,{t1:argent;ordinaries:[{ordinary:bendletSinister;t:sable;line:straight}];charges:[{charge:ratRampant;t:or;p:lem;t2:or;size:0.3}];shield:oval},https://watabou.github.io/city-generator/?name=Rosnaidduro&population=4931&size=24&seed=7531122100195&river=0&coast=0&farms=1&citadel=0&urban_castle=0&hub=0&plaza=0&greens=0&temple=0&walls=1&shantytown=0&style=natural
196,Helcos,Parnia,Parnia Parish,Bhryreria,Patriarchate of Bhryreria,Elladan,Gourm Pantheon,town,8021,674.18,317.27,29.31,-53.59,30,46°F,Prague (Czechia),,,,,,,,{t1:azure;charges:[{charge:pincers;t:or;p:e;size:1.5}];shield:boeotian},https://watabou.github.io/city-generator/?name=Helcos&population=8021&size=28&seed=7531122100196&river=0&coast=0&farms=1&citadel=0&urban_castle=0&hub=0&plaza=0&greens=0&temple=0&walls=0&shantytown=0&style=natural
197,Schorstad,Schorstad,Schorstad County,Presia,Principality of Presia,Shwazen,Deities of the Enlightened Being,city,15022,495.28,315.07,29.73,-87.13,52,46°F,Prague (Czechia),,,citadel,walls,,,,{t1:sable;division:{division:perCross;t:or;line:embattledGhibellin};charges:[{charge:stirrup;t:argent;p:j;t2:argent;size:0.6};{charge:angel;t:gules;p:l;size:0.6};{charge:chain;t:gules;p:m;size:0.6};{charge:inescutcheon;t:argent;p:o;size:0.6}];shield:swiss},https://watabou.github.io/city-generator/?name=Schorstad&population=15022&size=36&seed=7531122100197&river=0&coast=0&farms=1&citadel=1&urban_castle=0&hub=1&plaza=0&greens=0&temple=0&walls=1&shantytown=0&style=natural
198,Getzaro,Leintzpia,Leintzpia County,Presia,Principality of Presia,Euskati,Euskati Ancestors,town,4733,413.38,499.78,-5.6,-102.49,4738,45°F,Montreal (Canada),,,,,,,,{t1:azure;charges:[{charge:crossMaltese;t:or;p:def;size:0.5}];shield:oldFrench},https://watabou.github.io/city-generator/?name=Getzaro&population=4733&size=23&seed=7531122100198&river=1&coast=0&farms=1&citadel=0&urban_castle=0&hub=0&plaza=0&greens=0&temple=0&walls=0&shantytown=0&style=natural
199,Gegirovale,Victumpia,Victumpia Governorate,Viroval,Republic of Viroval,Romian,Ponstatra Deities,town,3738,1335.32,606.19,-25.96,70.37,643,52°F,Antwerp (Belgium),,,,walls,,,,{t1:azure;division:{division:perBendSinister;t:or;line:straight};charges:[{charge:lozengeFaceted;t:argent;p:e;divided:counter;size:1.5}];shield:roman},https://watabou.github.io/city-generator/?name=Gegirovale&population=3738&size=21&seed=7531122100199&river=1&coast=0&farms=1&citadel=0&urban_castle=0&hub=0&plaza=0&greens=0&temple=0&walls=1&shantytown=0&style=natural
200,Rhampia,Sasos,Sasos Parish,Bhryreria,Patriarchate of Bhryreria,Elladan,Gourm Pantheon,village,1076,635.89,377.48,17.79,-60.77,161,61°F,Dubrovnik (Croatia),,,,,,,,{t1:gules;charges:[{charge:mullet6;t:argent;p:abcpqh;size:0.5}];shield:boeotian},https://watabou.github.io/village-generator/?pop=1076&name=Rhampia&seed=7531122100200&width=1400&height=683&style=default&tags=highway%2Cno+square%2Cdense
201,Tuvobunsis,Bodula,Bodula Governorate,Viroval,Republic of Viroval,Romian,Ponstatra Deities,town,5237,1320.87,652.4,-34.79,67.66,13,48°F,Copenhagen (Denmark),,,,,,,,{t1:argent;ordinaries:[{ordinary:orle;t:azure}];charges:[{charge:earOfWheat;t:azure;p:e;size:1.1}];shield:roman},https://watabou.github.io/city-generator/?name=Tuvobunsis&population=5237&size=24&seed=7531122100201&river=1&coast=0&farms=1&citadel=0&urban_castle=0&hub=0&plaza=0&greens=0&temple=0&walls=0&shantytown=0&style=natural
202,Paigntave,Perstedge,Perstedge Margrave,Lydonland,Kingdom of Lydonland,Angshire,Angshire Spirits,town,4359,1045.11,623.28,-29.22,15.96,472,50°F,London (England),,,,,,,,{t1:sable;ordinaries:[{ordinary:fessCotissed;t:argent;line:straight}];charges:[{charge:windmill;t:sable;p:def;t2:sable;t3:argent;size:0.5}];shield:wedged},https://watabou.github.io/city-generator/?name=Paigntave&population=4359&size=23&seed=7531122100202&river=0&coast=0&farms=1&citadel=0&urban_castle=0&hub=0&plaza=0&greens=0&temple=0&walls=0&shantytown=0&style=natural
203,Monsana,Mentoratia,Mentoratia Parish,Casteleria,Divine Principality of Casteleria,Tallian,Vepar Pantheon,town,3868,1566.08,557.62,-16.66,113.64,738,61°F,Dubrovnik (Croatia),,,,walls,,,,{t1:azure;division:{division:perPale;t:or;line:rayonne};ordinaries:[{ordinary:chevronReversed;t:argent;divided:counter}];shield:horsehead},https://watabou.github.io/city-generator/?name=Monsana&population=3868&size=22&seed=7531122100203&river=0&coast=0&farms=1&citadel=0&urban_castle=0&hub=0&plaza=0&greens=0&temple=0&walls=1&shantytown=0&style=natural
204,Abernoglas,Abelanvia,Abelanvia County,Arvicola,Arvicolan Empire,Keltan,Keltan Spirits,town,10014,1623.88,364.91,20.2,124.48,3573,45°F,Montreal (Canada),,,,walls,,,,{t1:azure;charges:[{charge:key;t:argent;p:e;size:1.5}];shield:oval},https://watabou.github.io/city-generator/?name=Abernoglas&population=10014&size=31&seed=7531122100204&river=0&coast=0&farms=1&citadel=0&urban_castle=0&hub=0&plaza=0&greens=0&temple=0&walls=1&shantytown=0&style=natural
205,Sutta,Nescanolia,Nescanolia Parish,Sampi,Brotherhood of Sampi,Tallian,Sgurcelan Deities,village,1019,1200.65,301.99,32.23,45.12,738,39°F,Reykjavik (Iceland),,,,walls,,,,{t1:barry-argent-sable;charges:[{charge:pincers;t:vert;p:e;size:1.5}];shield:horsehead},https://watabou.github.io/village-generator/?pop=1019&name=Sutta&seed=7531122100205&width=1400&height=683&style=snow&tags=dead+end%2Cfarmland%2Cno+square%2Cpalisade%2Cdense
206,Ceccalento,Cartecorcia,Cartecorcia County,Rocano,Grand Duchy of Rocano,Tallian,Tallian Spirits,village,959,1350.29,412.07,11.18,73.18,1890,57°F,Washington (D.C.),,,,,,,,{t1:bendy-argent-gules;ordinaries:[{ordinary:bendlet;t:sable;line:straight}];charges:[{charge:tower;t:argent;p:joe;t2:argent;size:0.3}];shield:horsehead},https://watabou.github.io/village-generator/?pop=959&name=Ceccalento&seed=7531122100206&width=1000&height=488&style=default&tags=isolated%2Cno+square%2Cdense
207,Ischiano,Cartecorcia,Cartecorcia County,Rocano,Grand Duchy of Rocano,Tallian,Tallian Spirits,city,17669,1361.32,408.97,11.77,75.25,554,63°F,Lisbon (Portugal),,port,citadel,walls,,,,{t1:azure;charges:[{charge:lymphad;t:or;p:e;t2:or;t3:or;size:1.5}];shield:horsehead},https://watabou.github.io/city-generator/?name=Ischiano&population=17669&size=38&seed=7531122100207&river=1&coast=1&farms=1&citadel=1&urban_castle=0&hub=1&plaza=0&greens=0&temple=0&walls=1&shantytown=0&style=natural
208,Lanolilaccia,Lanolilaccia,Lanolilaccia County,Arvicola,Arvicolan Empire,Tallian,Tallian Spirits,town,10224,1481.12,560.26,-17.17,97.71,328,63°F,Lisbon (Portugal),,,,walls,,,,{t1:or;charges:[{charge:horseshoe;t:gules;p:jln;size:0.7}];shield:horsehead},https://watabou.github.io/city-generator/?name=Lanolilaccia&population=10224&size=31&seed=7531122100208&river=1&coast=0&farms=1&citadel=0&urban_castle=0&hub=0&plaza=0&greens=0&temple=0&walls=1&shantytown=0&style=natural
209,Hasings,Torkburgh,Torkburgh County,Lydonland,Kingdom of Lydonland,Angshire,Angshire Spirits,village,1575,1106.2,607.1,-26.13,27.41,738,55°F,Milan (Italy),,,,,,,,{t1:semy_of_heart-argent-sable;charges:[{charge:pique;t:gules;p:e;size:1.5}];shield:wedged},https://watabou.github.io/village-generator/?pop=1575&name=Hasings&seed=7531122100209&width=1600&height=780&style=default&tags=dead+end%2Cno+square%2Cdense
210,Strautach,Strautach,Strautach Parish,Lalylisia,Exarchate of Lalylisia,Shwazen,Deities of the Enlightened Being,town,7537,533.99,360.75,20.99,-79.88,266,54°F,Paris (France),,,citadel,,,,,{t1:argent;charges:[{charge:shears;t:purpure;p:e;size:1.5}];shield:swiss},https://watabou.github.io/city-generator/?name=Strautach&population=7537&size=28&seed=7531122100210&river=0&coast=0&farms=1&citadel=1&urban_castle=1&hub=0&plaza=0&greens=0&temple=0&walls=0&shantytown=0&style=natural
211,Hertusturum,Drurum,Drurum Governorate,Viroval,Republic of Viroval,Romian,Ponstatra Deities,town,7432,1358.5,641.91,-32.79,74.72,738,48°F,Copenhagen (Denmark),,,,,,,,{t1:gules;charges:[{charge:scissors;t:argent;p:e;size:1.5}];shield:roman},https://watabou.github.io/city-generator/?name=Hertusturum&population=7432&size=28&seed=7531122100211&river=0&coast=0&farms=1&citadel=0&urban_castle=0&hub=0&plaza=0&greens=0&temple=0&walls=0&shantytown=0&style=natural
212,Allascas,Allascas,Allascas Earldom,Alverenia,Duchy of Alverenia,Astellian,Occultism of the Chief of Lightning,town,10861,248.95,616.43,-27.91,-133.32,2051,46°F,Prague (Czechia),,,,walls,,,,{t1:or;charges:[{charge:arbalest2;t:gules;p:e;size:1.5}];shield:spanish},https://watabou.github.io/city-generator/?name=Allascas&population=10861&size=32&seed=7531122100212&river=0&coast=0&farms=1&citadel=0&urban_castle=0&hub=0&plaza=0&greens=0&temple=0&walls=1&shantytown=0&style=natural
213,Eliyurtlu,Alteli,Alteli Barony,Beytekyurt,Beytekyurt Horde,Turchian,Turchian Spirits,village,1564,616.87,665.83,-37.36,-64.34,30,46°F,Prague (Czechia),,port,,,,,,{t1:sable;charges:[{charge:angel;t:or;p:e;t2:or;size:1.5}];shield:round},https://watabou.github.io/village-generator/?pop=1564&name=Eliyurtlu&seed=7531122100213&width=1600&height=780&style=default&tags=coast%2Chighway%2Cno+square%2Cdense
214,Licyon,Argyraguron,Argyraguron Parish,Lalylisia,Exarchate of Lalylisia,Elladan,Gourm Pantheon,town,4325,598.15,399.04,13.67,-67.85,328,61°F,Dubrovnik (Croatia),,,,,,,,{t1:azure;charges:[{charge:bridge2;t:argent;p:e;size:1.5}];shield:boeotian},https://watabou.github.io/city-generator/?name=Licyon&population=4325&size=23&seed=7531122100214&river=0&coast=0&farms=1&citadel=0&urban_castle=0&hub=0&plaza=0&greens=0&temple=0&walls=0&shantytown=0&style=natural
215,Pithymnossa,Ithamariseia,Ithamariseia Deanery,Ecelia,Eparchy of Ecelia,Elladan,Gourm Pantheon,town,5928,621.03,547.04,-14.64,-63.56,472,61°F,Dubrovnik (Croatia),,,,,,,,{t1:sable;charges:[{charge:grapeBunch;t:argent;p:e;t2:argent;t3:argent;size:1.5}];shield:boeotian},https://watabou.github.io/city-generator/?name=Pithymnossa&population=5928&size=25&seed=7531122100215&river=1&coast=0&farms=1&citadel=0&urban_castle=0&hub=0&plaza=0&greens=0&temple=0&walls=0&shantytown=0&style=natural
216,Marqui,Mentoratia,Mentoratia Parish,Casteleria,Divine Principality of Casteleria,Tallian,Vepar Pantheon,town,7766,1564.5,542.47,-13.77,113.34,643,61°F,Dubrovnik (Croatia),,,,,,,,{t1:azure;charges:[{charge:crossTau;t:argent;p:e;size:1.5}];shield:horsehead},https://watabou.github.io/city-generator/?name=Marqui&population=7766&size=28&seed=7531122100216&river=0&coast=0&farms=1&citadel=0&urban_castle=0&hub=0&plaza=0&greens=0&temple=0&walls=0&shantytown=0&style=natural
217,Treillery,Depiosia,Depiosia Parish,Lalylisia,Exarchate of Lalylisia,Luari,Fercellesism,village,1413,464.58,495.97,-4.87,-92.89,3573,52°F,Antwerp (Belgium),,,citadel,,,,,{t1:gules;division:{division:perFess;t:argent;line:straight};charges:[{charge:mullet4;t:or;p:e;divided:field;size:1.5};{charge:windmill;t:sable;p:e;divided:division;size:1.5}];shield:french},https://watabou.github.io/village-generator/?pop=1413&name=Treillery&seed=7531122100217&width=1400&height=683&style=default&tags=dead+end%2Cno+square%2Cdense
218,Graione,Ari,Ari Parish,Casteleria,Divine Principality of Casteleria,Tallian,Vepar Pantheon,village,1779,1584.1,647.3,-33.82,117.02,118,52°F,Antwerp (Belgium),,,,,,,,{t1:azure;charges:[{charge:key;t:argent;p:e;size:1.5}];shield:horsehead},https://watabou.github.io/village-generator/?pop=1779&name=Graione&seed=7531122100218&width=1600&height=780&style=default&tags=dead+end%2Cno+square%2Cdense
219,Teghalu,Asvagyteleves,Asvagyteleves Landgrave,Tiszalgaria,Kingdom of Tiszalgaria,Vengrian,Gods of the Sapphire Numen,village,1752,1243.78,452.51,3.44,53.21,328,64°F,Barcelona (Spain),,,,,,,,{t1:or;ordinaries:[{ordinary:cross;t:sable;line:wavy}];charges:[{charge:mullet6Faceted;t:argent;p:beh;size:0.3}];shield:horsehead2},https://watabou.github.io/village-generator/?pop=1752&name=Teghalu&seed=7531122100219&width=1600&height=780&style=default&tags=isolated%2Cno+square%2Cdense
220,Vintium,Victumpia,Victumpia Governorate,Viroval,Republic of Viroval,Romian,Ponstatra Deities,city,13221,1315.55,611.82,-27.03,66.67,2051,48°F,Copenhagen (Denmark),,,,,,,,{t1:azure;division:{division:perSaltire;t:argent};ordinaries:[{ordinary:fess;t:or;line:straight;divided:counter}];shield:roman},https://watabou.github.io/city-generator/?name=Vintium&population=13221&size=34&seed=7531122100220&river=0&coast=0&farms=1&citadel=0&urban_castle=0&hub=0&plaza=0&greens=0&temple=0&walls=0&shantytown=0&style=natural
221,Apingdon,Alblemia,Alblemia County,Lydonland,Kingdom of Lydonland,Angshire,Angshire Spirits,town,10957,1064.06,676.85,-39.47,19.51,472,41°F,Harbin (China),,,,,plaza,,,{t1:chequy-azure-argent;ordinaries:[{ordinary:pale;t:or;line:straight}];shield:wedged},https://watabou.github.io/city-generator/?name=Apingdon&population=10957&size=32&seed=7531122100221&river=0&coast=0&farms=1&citadel=0&urban_castle=0&hub=0&plaza=1&greens=1&temple=0&walls=0&shantytown=0&style=natural
222,Vicrem,Diete,Diete Governorate,Viroval,Republic of Viroval,Romian,Ponstatra Deities,town,4844,1115.8,470.31,0.04,29.21,13,66°F,Marrakesh (Morocco),,,,,,,,{t1:sable;charges:[{charge:wolfPassant;t:argent;p:e;t2:argent;t3:argent;size:1.5}];shield:roman},https://watabou.github.io/city-generator/?name=Vicrem&population=4844&size=24&seed=7531122100222&river=1&coast=0&farms=1&citadel=0&urban_castle=0&hub=0&plaza=0&greens=0&temple=0&walls=0&shantytown=0&style=natural
223,Sumicoriso,Montignania,Montignania Margrave,Arvicola,Arvicolan Empire,Tallian,Tallian Spirits,town,11757,1550.64,546.64,-14.56,110.75,554,61°F,Dubrovnik (Croatia),,,,,,,,{t1:or;ordinaries:[{ordinary:quarter;t:sable}];charges:[{charge:hand;t:argent;p:j;size:0.5}];shield:horsehead},https://watabou.github.io/city-generator/?name=Sumicoriso&population=11757&size=33&seed=7531122100223&river=0&coast=0&farms=1&citadel=0&urban_castle=0&hub=0&plaza=0&greens=0&temple=0&walls=0&shantytown=0&style=natural
224,Citte,Citte,Citte Margrave,Arvicola,Arvicolan Empire,Tallian,Tallian Spirits,town,9994,1452.92,517.16,-8.93,92.42,1588,57°F,Washington (D.C.),,,,,,,,{t1:or;division:{division:perCross;t:bendySinister-or-gules;line:indented};charges:[{charge:scissors;t:azure;p:jlmo;size:0.6}];shield:horsehead},https://watabou.github.io/city-generator/?name=Citte&population=9994&size=31&seed=7531122100224&river=0&coast=0&farms=1&citadel=0&urban_castle=0&hub=0&plaza=0&greens=0&temple=0&walls=0&shantytown=0&style=natural
225,Cers,Celergia,Celergia Earldom,Barolia,Principality of Barolia,Keltan,Keltan Spirits,town,10457,1661.21,298.12,32.97,131.48,118,41°F,Harbin (China),,port,,walls,,,,{t1:purpure;charges:[{charge:scalesHanging;t:argent;p:e;size:1.5}];shield:oval},https://watabou.github.io/city-generator/?name=Cers&population=10457&size=31&seed=7531122100225&river=0&coast=1&farms=1&citadel=0&urban_castle=0&hub=0&plaza=0&greens=0&temple=0&walls=1&shantytown=0&style=natural&sea=0.48
226,Keki,Enev,Enev Earldom,Esenkoryurt,Esenkoryurt Khaganate,Turchian,Turchian Spirits,town,5247,687.9,619.33,-28.47,-51.02,472,48°F,Copenhagen (Denmark),,,,,,,,{t1:vairInPale-azure-argent;ordinaries:[{ordinary:canton;t:or}];shield:round},https://watabou.github.io/city-generator/?name=Keki&population=5247&size=24&seed=7531122100226&river=0&coast=0&farms=1&citadel=0&urban_castle=0&hub=0&plaza=0&greens=0&temple=0&walls=0&shantytown=0&style=natural
227,Presnoy,Ingnyronte,Ingnyronte Parish,Piereia,Bishopric of Piereia,Luari,Fercellesism,town,6867,321.2,338.3,25.29,-119.77,30,52°F,Antwerp (Belgium),,,,,,,,{t1:or;division:{division:perBend;t:vert;line:embattled};charges:[{charge:roundel;t:purpure;p:l;size:0.7};{charge:raft;t:argent;p:m;size:0.7}];shield:french},https://watabou.github.io/city-generator/?name=Presnoy&population=6867&size=27&seed=7531122100227&river=0&coast=0&farms=1&citadel=0&urban_castle=0&hub=0&plaza=0&greens=0&temple=0&walls=0&shantytown=0&style=natural
228,Loutum,Drurum,Drurum Governorate,Viroval,Republic of Viroval,Romian,Ponstatra Deities,village,1544,1361.36,664.87,-37.18,75.25,840,43°F,Stockholm (Sweden),,,,,,,,{t1:azure;charges:[{charge:tower;t:argent;p:jln;t2:argent;size:0.7}];shield:roman},https://watabou.github.io/village-generator/?pop=1544&name=Loutum&seed=7531122100228&width=1600&height=780&style=default&tags=highway%2Cno+square%2Cdense
229,Atuaisnach,Beisaberia,Beisaberia Margrave,Arvicola,Arvicolan Empire,Keltan,Keltan Spirits,town,3449,1498.25,250.85,42.02,100.92,738,30°F,Nuuk (Greenland),,,,,,,,{t1:vert;charges:[{charge:buckle;t:argent;p:e;size:1.5}];shield:oval},https://watabou.github.io/city-generator/?name=Atuaisnach&population=3449&size=21&seed=7531122100229&river=0&coast=0&farms=0&citadel=0&urban_castle=0&hub=0&plaza=0&greens=0&temple=0&walls=0&shantytown=0&style=natural
230,Inninglaslo,Inach,Inach County,Arvicola,Arvicolan Empire,Keltan,Keltan Spirits,village,1713,1620.28,451.64,3.61,123.8,472,64°F,Barcelona (Spain),,,,,,,,{t1:argent;division:{division:perCross;t:gules;line:invecked};charges:[{charge:crossFormee2;t:azure;p:jo;size:0.7}];shield:oval},https://watabou.github.io/village-generator/?pop=1713&name=Inninglaslo&seed=7531122100230&width=1600&height=780&style=default&tags=highway%2Cno+square%2Cdense
231,Donavelsfeld,Vinoubervauzy,Vinoubervauzy County,Presia,Principality of Presia,Shwazen,Deities of the Enlightened Being,town,4211,478.2,361.73,20.81,-90.34,52,55°F,Milan (Italy),,,,,,,,{t1:azure;ordinaries:[{ordinary:chief;t:argent;line:dovetailedIndented}];charges:[{charge:arbalest2;t:azure;p:abc;size:0.5}];shield:swiss},https://watabou.github.io/city-generator/?name=Donavelsfeld&population=4211&size=22&seed=7531122100231&river=0&coast=0&farms=1&citadel=0&urban_castle=0&hub=0&plaza=0&greens=0&temple=0&walls=0&shantytown=0&style=natural
232,Gallorelara,Rioflase,Rioflase Margrave,Arvicola,Arvicolan Empire,Tallian,Tallian Spirits,town,4839,1365.68,561.52,-17.41,76.07,738,59°F,Rome (Italy),,,,,,,,{t1:purpure;division:{division:perFess;t:or;line:straight};shield:horsehead},https://watabou.github.io/city-generator/?name=Gallorelara&population=4839&size=24&seed=7531122100232&river=0&coast=0&farms=1&citadel=0&urban_castle=0&hub=0&plaza=0&greens=0&temple=0&walls=0&shantytown=0&style=natural
233,Pilterham,Torkburgh,Torkburgh County,Lydonland,Kingdom of Lydonland,Angshire,Angshire Spirits,town,6231,1122.77,607.3,-26.17,30.52,13,55°F,Milan (Italy),,,,,,,,{t1:vert;charges:[{charge:horsePassant;t:or;p:e;t2:or;size:1.5}];shield:wedged},https://watabou.github.io/city-generator/?name=Pilterham&population=6231&size=26&seed=7531122100233&river=0&coast=0&farms=1&citadel=0&urban_castle=0&hub=0&plaza=0&greens=0&temple=0&walls=0&shantytown=0&style=natural
234,Turk,Alkan,Alkan Earldom,Esenkoryurt,Esenkoryurt Khaganate,Turchian,Turchian Spirits,town,6151,811.68,527.51,-10.91,-27.81,52,64°F,Barcelona (Spain),,,,,,,,{t1:argent;ordinaries:[{ordinary:bordure;t:purpure}];charges:[{charge:grapeBunch2;t:purpure;p:jleh;t2:gules;t3:gules;size:0.5}];shield:round},https://watabou.github.io/city-generator/?name=Turk&population=6151&size=26&seed=7531122100234&river=0&coast=0&farms=1&citadel=0&urban_castle=0&hub=1&plaza=0&greens=0&temple=0&walls=0&shantytown=0&style=natural
235,Koriluvepo,Koriluvepo,Koriluvepo Parish,Casteleria,Divine Principality of Casteleria,Soumi,Vepar Pantheon,town,7485,1664.46,668.47,-37.87,132.09,30,46°F,Prague (Czechia),,,,,,,,{t1:sable;ordinaries:[{ordinary:chief;t:or;line:dentilly}];charges:[{charge:mullet6;t:azure;p:abc;size:0.5}];shield:pavise},https://watabou.github.io/city-generator/?name=Koriluvepo&population=7485&size=28&seed=7531122100235&river=0&coast=0&farms=1&citadel=0&urban_castle=0&hub=0&plaza=0&greens=0&temple=0&walls=0&shantytown=0&style=natural
236,Puermina,Puermina,Puermina Earldom,Alverenia,Duchy of Alverenia,Astellian,Occultism of the Chief of Lightning,town,10089,206.2,629.11,-30.34,-141.34,82,52°F,Antwerp (Belgium),,,,walls,,,,{t1:argent;ordinaries:[{ordinary:terrace;t:sable;line:barby}];charges:[{charge:skeleton;t:gules;p:bdf;size:0.5}];shield:spanish},https://watabou.github.io/city-generator/?name=Puermina&population=10089&size=31&seed=7531122100236&river=1&coast=0&farms=1&citadel=0&urban_castle=0&hub=0&plaza=0&greens=0&temple=0&walls=1&shantytown=0&style=natural
237,Birwihllen,Ebruckia,Ebruckia Margrave,Presia,Principality of Presia,Shwazen,Deities of the Enlightened Being,town,7344,499.98,317.37,29.29,-86.25,82,46°F,Prague (Czechia),,,,,,,,{t1:purpure;division:{division:perCross;t:argent;line:bevilled};charges:[{charge:skull2;t:or;p:e;size:1.5}];shield:swiss},https://watabou.github.io/city-generator/?name=Birwihllen&population=7344&size=28&seed=7531122100237&river=0&coast=0&farms=1&citadel=0&urban_castle=0&hub=0&plaza=0&greens=0&temple=0&walls=0&shantytown=0&style=natural
238,Eiryarthin,Laning,Laning County,Arvicola,Arvicolan Empire,Keltan,Keltan Spirits,village,1044,1565.77,438.91,6.04,113.58,1588,61°F,Dubrovnik (Croatia),,,,,,,,{t1:sable;charges:[{charge:pillar;t:argent;p:e;size:1.5}];shield:oval},https://watabou.github.io/village-generator/?pop=1044&name=Eiryarthin&seed=7531122100238&width=1400&height=683&style=default&tags=highway%2Cfarmland%2Cno+square%2Cdense
239,Troril,Barolei,Barolei County,Barolia,Principality of Barolia,Portuzian,Chaminta Pantheon,village,1614,1652.03,515.08,-8.53,129.76,82,64°F,Barcelona (Spain),,port,,,,,,{t1:gules;division:{division:perFess;t:argent;line:potentyDexter};charges:[{charge:armillarySphere;t:or;p:k;size:0.7};{charge:crossPatriarchal;t:sable;p:n;size:0.7}];shield:renaissance},https://watabou.github.io/village-generator/?pop=1614&name=Troril&seed=7531122100239&width=1600&height=780&style=default&tags=coast%2Chighway%2Cfarmland%2Cno+square%2Cdense
240,Solfos,Madrocia,Madrocia Shire,Padamia,Grand Duchy of Padamia,Norse,Occultism of the Chief of Lightning,town,5123,263.94,545.64,-14.37,-130.51,4738,43°F,Stockholm (Sweden),,,citadel,,,,,{t1:vert;ordinaries:[{ordinary:bendlet;t:argent;line:straight}];charges:[{charge:crossCarolingian;t:gules;p:joe;size:0.3}];shield:heater},https://watabou.github.io/city-generator/?name=Solfos&population=5123&size=24&seed=7531122100240&river=0&coast=0&farms=0&citadel=1&urban_castle=1&hub=0&plaza=0&greens=0&temple=0&walls=0&shantytown=0&style=natural
241,Vselecha,Aberc,Aberc Deanery,Sampi,Brotherhood of Sampi,Slovan,Sgurcelan Deities,town,4856,1392.94,315.05,29.74,81.18,1312,41°F,Harbin (China),,,,,,,,{t1:argent;division:{division:perPile;t:purpure;line:nebuly};charges:[{charge:bridge;t:azure;p:jleh;size:0.5}];shield:polish},https://watabou.github.io/city-generator/?name=Vselecha&population=4856&size=24&seed=7531122100241&river=0&coast=0&farms=0&citadel=0&urban_castle=0&hub=0&plaza=0&greens=0&temple=0&walls=0&shantytown=0&style=natural
242,Pitondori,Amphagasia,Amphagasia Parish,Bhryreria,Patriarchate of Bhryreria,Elladan,Gourm Pantheon,town,8133,650.5,424.77,8.75,-58.03,52,64°F,Barcelona (Spain),,,,,,,,{t1:vert;division:{division:perCross;t:argent;line:straight};charges:[{charge:greyhoundRampant;t:or;p:jo;t2:or;divided:counter;size:0.7}];shield:boeotian},https://watabou.github.io/city-generator/?name=Pitondori&population=8133&size=29&seed=7531122100242&river=1&coast=0&farms=1&citadel=0&urban_castle=0&hub=0&plaza=0&greens=0&temple=0&walls=0&shantytown=0&style=natural
243,Levillesnoy,Boria,Boria County,Presia,Principality of Presia,Luari,Fercellesism,village,1003,477.35,444.74,4.93,-90.5,2051,59°F,Rome (Italy),,,,,,,,{t1:or;ordinaries:[{ordinary:fessCotissed;t:sable;line:straight}];charges:[{charge:bookClosed;t:or;p:def;t2:or;t3:purpure;size:0.5}];shield:french},https://watabou.github.io/village-generator/?pop=1003&name=Levillesnoy&seed=7531122100243&width=1400&height=683&style=default&tags=dead+end%2Cno+square%2Cdense
244,Piraris,Myopomis,Myopomis Deanery,Ecelia,Eparchy of Ecelia,Elladan,Gourm Pantheon,town,3290,595.18,575.03,-20,-68.4,1447,55°F,Milan (Italy),,,,,,,,{t1:vert;charges:[{charge:arbalest2;t:argent;p:jln;size:0.7}];shield:boeotian},https://watabou.github.io/city-generator/?name=Piraris&population=3290&size=20&seed=7531122100244&river=0&coast=0&farms=1&citadel=0&urban_castle=0&hub=0&plaza=0&greens=0&temple=0&walls=0&shantytown=0&style=natural
245,Tiselly,Monthivevia,Monthivevia County,Presia,Principality of Presia,Luari,Fercellesism,village,1417,438.26,323.07,28.2,-97.83,13,50°F,London (England),,port,citadel,,,,,{t1:purpure;charges:[{charge:garb;t:or;p:abcpqh;t2:or;size:0.5}];shield:french},https://watabou.github.io/village-generator/?pop=1417&name=Tiselly&seed=7531122100245&width=1400&height=683&style=default&tags=coast%2Chighway%2Cno+square%2Cdense
246,Chateau,Boria,Boria County,Presia,Principality of Presia,Luari,Fercellesism,village,1109,437.78,420.67,9.53,-97.92,840,61°F,Dubrovnik (Croatia),,,,,,,,{t1:purpure;division:{division:perChevronReversed;t:or;line:nowy};charges:[{charge:mullet4;t:argent;p:mok;size:0.5}];shield:french},https://watabou.github.io/village-generator/?pop=1109&name=Chateau&seed=7531122100246&width=1400&height=683&style=default&tags=river%2Cdead+end%2Cno+square%2Cdense
247,Bakadi,Okberieli,Okberieli Margrave,Esenkoryurt,Esenkoryurt Khaganate,Turchian,Turchian Spirits,town,8128,767.2,676.34,-39.37,-36.15,397,41°F,Harbin (China),,,,walls,,,,{t1:argent;charges:[{charge:drakkar;t:azure;p:e;t2:azure;t3:azure;size:1.5;sinister:1}];shield:round},https://watabou.github.io/city-generator/?name=Bakadi&population=8128&size=29&seed=7531122100247&river=1&coast=0&farms=1&citadel=0&urban_castle=0&hub=0&plaza=0&greens=0&temple=0&walls=1&shantytown=0&style=natural
248,Tortedanse,Sesti,Sesti County,Estrielas,Duchy of Estrielas,Astellian,Alverenese Pantheon,town,10241,328.2,662.7,-36.77,-118.46,328,46°F,Prague (Czechia),,,,walls,,,,{t1:or;division:{division:perCross;t:vert;line:straight};charges:[{charge:salmon;t:sable;p:jlmo;t2:sable;divided:counter;size:0.6}];shield:spanish},https://watabou.github.io/city-generator/?name=Tortedanse&population=10241&size=31&seed=7531122100248&river=0&coast=0&farms=1&citadel=0&urban_castle=0&hub=0&plaza=0&greens=0&temple=0&walls=1&shantytown=0&style=natural
249,Warasings,Wasingscom,Wasingscom County,Lydonland,Kingdom of Lydonland,Angshire,Angshire Spirits,town,4340,1091.41,583.34,-21.58,24.64,210,61°F,Dubrovnik (Croatia),,port,,,,,,{t1:chequy-argent-gules;division:{division:perSaltire;t:purpure};ordinaries:[{ordinary:pile;t:azure}];shield:wedged},https://watabou.github.io/city-generator/?name=Warasings&population=4340&size=23&seed=7531122100249&river=0&coast=1&farms=1&citadel=0&urban_castle=0&hub=0&plaza=0&greens=0&temple=0&walls=0&shantytown=0&style=natural&sea=1.92
250,Corgiphos,Corgiphos,Corgiphos Parish,Bhryreria,Patriarchate of Bhryreria,Elladan,Gourm Pantheon,town,10618,798.92,386.69,16.03,-30.2,30,61°F,Dubrovnik (Croatia),,port,,,,,,{t1:sable;ordinaries:[{ordinary:terrace;t:argent;line:engrailed}];charges:[{charge:salmon;t:argent;p:e;t2:argent;size:1.5}];shield:boeotian},https://watabou.github.io/city-generator/?name=Corgiphos&population=10618&size=32&seed=7531122100250&river=0&coast=1&farms=1&citadel=0&urban_castle=0&hub=0&plaza=0&greens=0&temple=0&walls=0&shantytown=0&style=natural&sea=1.45
251,Newcesbury,Alblemia,Alblemia County,Lydonland,Kingdom of Lydonland,Angshire,Angshire Spirits,town,3176,1057.57,683.8,-40.8,18.29,397,41°F,Harbin (China),,,,,,,,{t1:or;ordinaries:[{ordinary:saltire;t:purpure;line:potentySinister}];charges:[{charge:mullet;t:or;p:e;size:0.7}];shield:wedged},https://watabou.github.io/city-generator/?name=Newcesbury&population=3176&size=20&seed=7531122100251&river=0&coast=0&farms=1&citadel=0&urban_castle=0&hub=0&plaza=0&greens=0&temple=0&walls=0&shantytown=0&style=natural
252,Alagurias,Kyriaras,Kyriaras Parish,Bhryreria,Patriarchate of Bhryreria,Elladan,Gourm Pantheon,village,1323,838.85,333.66,26.18,-22.72,161,50°F,London (England),,,,,,,,{t1:gules;charges:[{charge:boarRampant;t:or;p:e;t2:or;t3:or;size:1.5}];shield:boeotian},https://watabou.github.io/village-generator/?pop=1323&name=Alagurias&seed=7531122100252&width=1400&height=683&style=default&tags=highway%2Cno+square%2Cdense
253,Aegivorum,Drurum,Drurum Governorate,Viroval,Republic of Viroval,Romian,Ponstatra Deities,town,9583,1358.98,650.73,-34.48,74.81,1184,45°F,Montreal (Canada),,,,,,,,{t1:or;division:{division:perCross;t:gules;line:straight};charges:[{charge:castle2;t:azure;p:jl;t2:azure;t3:purpure;divided:counter;size:0.7}];shield:roman},https://watabou.github.io/city-generator/?name=Aegivorum&population=9583&size=30&seed=7531122100253&river=0&coast=0&farms=1&citadel=0&urban_castle=0&hub=0&plaza=0&greens=0&temple=0&walls=0&shantytown=0&style=natural
254,Kraberloch,Abercabercia,Abercabercia Barony,Arvicola,Arvicolan Empire,Keltan,Keltan Spirits,town,5539,1544.49,437.03,6.4,109.59,1588,59°F,Rome (Italy),,,,,,,,{t1:azure;charges:[{charge:bridge;t:argent;p:abc;size:0.5}];shield:oval},https://watabou.github.io/city-generator/?name=Kraberloch&population=5539&size=25&seed=7531122100254&river=0&coast=0&farms=1&citadel=0&urban_castle=0&hub=0&plaza=0&greens=0&temple=0&walls=0&shantytown=0&style=natural
255,Aray,Aray,Aray County,Arvicola,Arvicolan Empire,Keltan,Keltan Spirits,town,12359,1506.31,400.65,13.36,102.43,1890,55°F,Milan (Italy),,,,,,,,{t1:sable;ordinaries:[{ordinary:bendletSinister;t:or;line:straight}];charges:[{charge:grenade;t:azure;p:lem;t2:azure;size:0.3}];shield:oval},https://watabou.github.io/city-generator/?name=Aray&population=12359&size=34&seed=7531122100255&river=0&coast=0&farms=1&citadel=0&urban_castle=0&hub=0&plaza=0&greens=0&temple=0&walls=0&shantytown=0&style=natural
256,Ingny,Morieauve,Morieauve Parish,Piereia,Bishopric of Piereia,Luari,Fercellesism,village,1942,257.59,411,11.38,-131.7,82,64°F,Barcelona (Spain),,,citadel,,,,,{t1:azure;charges:[{charge:pear;t:argent;p:e;t2:argent;size:1.5}];shield:french},https://watabou.github.io/village-generator/?pop=1942&name=Ingny&seed=7531122100256&width=1600&height=780&style=default&tags=highway%2Cfarmland%2Cno+square%2Cdense
257,Northeswest,Oakseia,Oakseia County,Lydonland,Kingdom of Lydonland,Angshire,Angshire Spirits,city,13378,1113.1,591.1,-23.07,28.71,13,61°F,Dubrovnik (Croatia),,,,,,,,{t1:argent;division:{division:perCross;t:azure;line:straight};charges:[{charge:porcupine;t:sable;p:j;t2:sable;size:0.6};{charge:skull;t:or;p:l;size:0.6};{charge:arrowsSheaf;t:argent;p:m;size:0.6};{charge:cavalier;t:sable;p:o;size:0.6}];shield:wedged},https://watabou.github.io/city-generator/?name=Northeswest&population=13378&size=35&seed=7531122100257&river=0&coast=0&farms=1&citadel=0&urban_castle=0&hub=0&plaza=0&greens=0&temple=0&walls=0&shantytown=0&style=natural
258,Coviatua,Lintia,Lintia Province,Viroval,Republic of Viroval,Romian,Ponstatra Deities,town,4044,1172.17,580.26,-21,39.78,52,61°F,Dubrovnik (Croatia),,,,walls,,,,{t1:lozengy-or-vert;division:{division:perFess;t:gules;line:straight};shield:roman},https://watabou.github.io/city-generator/?name=Coviatua&population=4044&size=22&seed=7531122100258&river=0&coast=0&farms=1&citadel=0&urban_castle=0&hub=0&plaza=0&greens=0&temple=0&walls=1&shantytown=0&style=natural
259,Malsburgin,Strautach,Strautach Parish,Lalylisia,Exarchate of Lalylisia,Shwazen,Deities of the Enlightened Being,town,5696,513.83,329.02,27.06,-83.66,161,50°F,London (England),,,,,,,,{t1:sable;division:{division:gyronny;t:gemelles-or-azure-small};charges:[{charge:compassRose;t:argent;p:e;size:1.5}];shield:swiss},https://watabou.github.io/city-generator/?name=Malsburgin&population=5696&size=25&seed=7531122100259&river=0&coast=0&farms=1&citadel=0&urban_castle=0&hub=0&plaza=0&greens=0&temple=0&walls=0&shantytown=0&style=natural
260,Aelibaqusus,Tartius,Tartius Parish,Sampi,Brotherhood of Sampi,Romian,Sgurcelan Deities,village,1947,1137.04,383.82,16.58,33.19,118,59°F,Rome (Italy),,port,,,,,,{t1:argent;charges:[{charge:palmTree;t:vert;p:kn;t2:vert;t3:vert;size:0.7}];shield:roman},https://watabou.github.io/village-generator/?pop=1947&name=Aelibaqusus&seed=7531122100260&width=1600&height=780&style=default&tags=coast%2Chighway%2Cuncultivated%2Cno+square%2Cdense
261,Musis,Musis,Musis Parish,Lalylisia,Exarchate of Lalylisia,Elladan,Gourm Pantheon,city,18783,552.97,496.01,-4.88,-76.32,840,63°F,Lisbon (Portugal),,,,,,,,{t1:azure;charges:[{charge:ladybird;t:argent;p:e;t2:argent;t3:or;size:1.5}];shield:boeotian},https://watabou.github.io/city-generator/?name=Musis&population=18783&size=39&seed=7531122100261&river=1&coast=0&farms=1&citadel=0&urban_castle=0&hub=0&plaza=0&greens=0&temple=0&walls=0&shantytown=0&style=natural
262,Epios,Epios,Epios Parish,Bhryreria,Patriarchate of Bhryreria,Elladan,Gourm Pantheon,town,6543,640.2,320.8,28.64,-59.96,30,46°F,Prague (Czechia),,,,,,,,{t1:gules;charges:[{charge:chain;t:argent;p:e;size:1.5}];shield:boeotian},https://watabou.github.io/city-generator/?name=Epios&population=6543&size=26&seed=7531122100262&river=0&coast=0&farms=1&citadel=0&urban_castle=0&hub=0&plaza=0&greens=0&temple=0&walls=0&shantytown=0&style=natural
263,Chalbiate,Parnia,Parnia Parish,Bhryreria,Patriarchate of Bhryreria,Elladan,Gourm Pantheon,town,3831,662.26,320.1,28.77,-55.83,30,46°F,Prague (Czechia),,,,walls,,,,{t1:gules;ordinaries:[{ordinary:cross;t:argent;line:wavy}];charges:[{charge:goutte;t:sable;p:behdf;size:0.3}];shield:boeotian},https://watabou.github.io/city-generator/?name=Chalbiate&population=3831&size=22&seed=7531122100263&river=0&coast=0&farms=1&citadel=0&urban_castle=0&hub=1&plaza=0&greens=0&temple=0&walls=1&shantytown=0&style=natural
264,Viamingal,Flosaismoli,Flosaismoli County,Barolia,Principality of Barolia,Portuzian,Chaminta Pantheon,town,3860,1684.37,449.15,4.08,135.82,2218,59°F,Rome (Italy),,,,walls,,,,{t1:argent;ordinaries:[{ordinary:chevron;t:purpure}];shield:renaissance},https://watabou.github.io/city-generator/?name=Viamingal&population=3860&size=22&seed=7531122100264&river=0&coast=0&farms=1&citadel=0&urban_castle=0&hub=0&plaza=0&greens=0&temple=0&walls=1&shantytown=0&style=natural
265,Rebriemoy,Boria,Boria County,Presia,Principality of Presia,Luari,Fercellesism,town,3306,454.43,486.92,-3.14,-94.79,4252,50°F,London (England),,,,,,,,{t1:argent;charges:[{charge:pincers;t:gules;p:e;size:1.5}];shield:french},https://watabou.github.io/city-generator/?name=Rebriemoy&population=3306&size=20&seed=7531122100265&river=0&coast=0&farms=1&citadel=0&urban_castle=0&hub=0&plaza=0&greens=0&temple=0&walls=0&shantytown=0&style=natural
266,Basia,Cartecorcia,Cartecorcia County,Rocano,Grand Duchy of Rocano,Tallian,Tallian Spirits,town,2456,1376.42,438.54,6.11,78.08,554,64°F,Barcelona (Spain),,port,,,,,,{t1:gules;ordinaries:[{ordinary:gemelle;t:argent;line:straight}];charges:[{charge:crossGamma;t:argent;p:abc;size:0.5}];shield:horsehead},https://watabou.github.io/city-generator/?name=Basia&population=2456&size=18&seed=7531122100266&river=1&coast=1&farms=1&citadel=0&urban_castle=0&hub=0&plaza=0&greens=0&temple=0&walls=0&shantytown=0&style=natural
267,Freier,Freier,Freier Margrave,Presia,Principality of Presia,Shwazen,Deities of the Enlightened Being,town,11341,483.9,325.07,27.82,-89.27,30,46°F,Prague (Czechia),,port,,walls,,,,{t1:argent;ordinaries:[{ordinary:bendletSinister;t:azure;line:wavy}];charges:[{charge:trefle;t:argent;p:lem;size:0.3}];shield:swiss},https://watabou.github.io/city-generator/?name=Freier&population=11341&size=32&seed=7531122100267&river=0&coast=1&farms=1&citadel=0&urban_castle=0&hub=0&plaza=0&greens=0&temple=0&walls=1&shantytown=0&style=natural&sea=1.2
268,Asbeyka,Serkaytyurt,Serkaytyurt Margrave,Esenkoryurt,Esenkoryurt Khaganate,Turchian,Turchian Spirits,city,19414,876.91,640.87,-32.59,-15.58,328,50°F,London (England),,,citadel,,,,,{t1:or;ordinaries:[{ordinary:chevronReversed;t:sable}];charges:[{charge:pillar;t:sable;p:b;size:0.5}];shield:round},https://watabou.github.io/city-generator/?name=Asbeyka&population=19414&size=40&seed=7531122100268&river=1&coast=0&farms=1&citadel=1&urban_castle=1&hub=0&plaza=0&greens=0&temple=0&walls=0&shantytown=0&style=natural
269,Axbroline,Axbroline,Axbroline County,Lydonland,Kingdom of Lydonland,Angshire,Angshire Spirits,town,9496,1093.55,660.06,-36.26,25.04,554,45°F,Montreal (Canada),,,,,,,,{t1:sable;ordinaries:[{ordinary:pilesInPoint;t:or}];charges:[{charge:lymphad;t:argent;p:e;t2:argent;t3:argent;size:1.5}];shield:wedged},https://watabou.github.io/city-generator/?name=Axbroline&population=9496&size=30&seed=7531122100269&river=1&coast=0&farms=1&citadel=0&urban_castle=0&hub=0&plaza=0&greens=0&temple=0&walls=0&shantytown=0&style=natural
270,Detalenos,Corgiphos,Corgiphos Parish,Bhryreria,Patriarchate of Bhryreria,Elladan,Gourm Pantheon,town,5537,781.73,354.83,22.13,-33.43,82,55°F,Milan (Italy),,port,,,,,,{t1:gules;charges:[{charge:wing;t:or;p:jln;size:0.7}];shield:boeotian},https://watabou.github.io/city-generator/?name=Detalenos&population=5537&size=25&seed=7531122100270&river=0&coast=1&farms=1&citadel=0&urban_castle=0&hub=0&plaza=0&greens=0&temple=0&walls=0&shantytown=0&style=natural&sea=0.99
271,Doba,Alkan,Alkan Earldom,Esenkoryurt,Esenkoryurt Khaganate,Turchian,Turchian Spirits,village,914,816.19,519.86,-9.44,-26.96,13,64°F,Barcelona (Spain),,,,,,,,{t1:argent;ordinaries:[{ordinary:orle;t:gules}];charges:[{charge:stirrup;t:azure;p:e;t2:azure;size:1.1}];shield:round},https://watabou.github.io/village-generator/?pop=914&name=Doba&seed=7531122100271&width=1000&height=488&style=default&tags=isolated%2Cno+square%2Cdense
272,Bopuzkopuz,Ayrazkopuz,Ayrazkopuz County,Esenkoryurt,Esenkoryurt Khaganate,Turchian,Turchian Spirits,town,9621,924.76,603.89,-25.52,-6.61,266,55°F,Milan (Italy),,,,,,,,{t1:argent;charges:[{charge:key;t:purpure;p:jln;size:0.7}];shield:round},https://watabou.github.io/city-generator/?name=Bopuzkopuz&population=9621&size=30&seed=7531122100272&river=0&coast=0&farms=1&citadel=0&urban_castle=0&hub=0&plaza=0&greens=0&temple=0&walls=0&shantytown=0&style=natural
273,Olisipica,Lintia,Lintia Province,Viroval,Republic of Viroval,Romian,Ponstatra Deities,town,8043,1172.4,588.2,-22.51,39.83,52,61°F,Dubrovnik (Croatia),,,,,,,,{t1:argent;ordinaries:[{ordinary:cross;t:azure;line:arched}];charges:[{charge:dolphin;t:argent;p:beh;t2:argent;size:0.3}];shield:roman},https://watabou.github.io/city-generator/?name=Olisipica&population=8043&size=28&seed=7531122100273&river=0&coast=0&farms=1&citadel=0&urban_castle=0&hub=0&plaza=0&greens=0&temple=0&walls=0&shantytown=0&style=natural
274,Grambeters,Mabingdon,Mabingdon County,Lydonland,Kingdom of Lydonland,Angshire,Angshire Spirits,town,3296,1029.15,570.01,-19.03,12.97,161,61°F,Dubrovnik (Croatia),,,,,,,,{t1:palyBendy-argent-sable;charges:[{charge:anvil;t:purpure;p:e;size:1.5}];shield:wedged},https://watabou.github.io/city-generator/?name=Grambeters&population=3296&size=20&seed=7531122100274&river=0&coast=0&farms=1&citadel=0&urban_castle=0&hub=0&plaza=0&greens=0&temple=0&walls=0&shantytown=0&style=natural
275,Buyli,Yruk,Yruk Earldom,Esenkoryurt,Esenkoryurt Khaganate,Turchian,Turchian Spirits,town,8286,705.89,657.14,-35.7,-47.65,643,46°F,Prague (Czechia),,,,,,,,{t1:argent;charges:[{charge:spear;t:azure;p:e;t2:azure;size:1.5}];shield:round},https://watabou.github.io/city-generator/?name=Buyli&population=8286&size=29&seed=7531122100275&river=0&coast=0&farms=1&citadel=0&urban_castle=0&hub=0&plaza=0&greens=0&temple=0&walls=0&shantytown=0&style=natural
276,Tengrino,Tengrino,Tengrino Barony,Esenkoryurt,Esenkoryurt Khaganate,Turchian,Turchian Spirits,town,7465,871.4,559.48,-17.02,-16.61,118,63°F,Lisbon (Portugal),,,citadel,,,,,{t1:or;charges:[{charge:ladder2;t:gules;p:abc;size:0.5}];shield:round},https://watabou.github.io/city-generator/?name=Tengrino&population=7465&size=28&seed=7531122100276&river=0&coast=0&farms=1&citadel=1&urban_castle=1&hub=0&plaza=0&greens=0&temple=0&walls=0&shantytown=0&style=natural
277,Azkaorua,Azkaorua,Azkaorua Deanery,Ecelia,Eparchy of Ecelia,Euskati,Euskati Ancestors,town,6475,547.98,533.01,-11.96,-77.25,1447,57°F,Washington (D.C.),,,,,,,,{t1:gules;charges:[{charge:crossPotent;t:argent;p:e;size:1.5}];shield:oldFrench},https://watabou.github.io/city-generator/?name=Azkaorua&population=6475&size=26&seed=7531122100277&river=1&coast=0&farms=1&citadel=0&urban_castle=0&hub=0&plaza=0&greens=0&temple=0&walls=0&shantytown=0&style=natural
278,Ouilleret,Boria,Boria County,Presia,Principality of Presia,Luari,Fercellesism,town,3747,455.85,460.45,1.92,-94.53,3573,54°F,Paris (France),,,,,,,,{t1:pappellony-azure-argent;ordinaries:[{ordinary:pilesInPoint;t:or}];shield:french},https://watabou.github.io/city-generator/?name=Ouilleret&population=3747&size=21&seed=7531122100278&river=0&coast=0&farms=1&citadel=0&urban_castle=0&hub=0&plaza=0&greens=0&temple=0&walls=0&shantytown=0&style=natural
279,Altay,Enev,Enev Earldom,Esenkoryurt,Esenkoryurt Khaganate,Turchian,Turchian Spirits,city,18353,704.98,607.99,-26.3,-47.82,472,54°F,Paris (France),,,,walls,,,,{t1:vert;division:{division:perFess;t:argent;line:engrailed};charges:[{charge:key;t:or;p:k;size:0.7};{charge:pot;t:sable;p:n;size:0.7}];shield:round},https://watabou.github.io/city-generator/?name=Altay&population=18353&size=39&seed=7531122100279&river=0&coast=0&farms=1&citadel=0&urban_castle=0&hub=0&plaza=0&greens=0&temple=0&walls=1&shantytown=0&style=natural
280,Rotheston,Rotheston,Rotheston County,Lydonland,Kingdom of Lydonland,Angshire,Angshire Spirits,town,5984,1020.27,540.67,-13.42,11.3,13,63°F,Lisbon (Portugal),,,,,,,,{t1:azure;charges:[{charge:lymphad;t:argent;p:e;t2:argent;t3:argent;size:1.5}];shield:wedged},https://watabou.github.io/city-generator/?name=Rotheston&population=5984&size=25&seed=7531122100280&river=0&coast=0&farms=1&citadel=0&urban_castle=0&hub=0&plaza=0&greens=0&temple=0&walls=0&shantytown=0&style=natural
281,Cambrigh,Tinor,Tinor County,Lydonland,Kingdom of Lydonland,Angshire,Angshire Spirits,village,1754,1106.63,615.54,-27.74,27.49,643,54°F,Paris (France),,,,,,,,{t1:argent;division:{division:perCross;t:gules;line:wavy};shield:wedged},https://watabou.github.io/village-generator/?pop=1754&name=Cambrigh&seed=7531122100281&width=1600&height=780&style=default&tags=highway%2Cfarmland%2Cno+square%2Cdense
282,Garico,Vericupi,Vericupi Parish,Casteleria,Divine Principality of Casteleria,Tallian,Vepar Pantheon,village,1678,1498.32,600.19,-24.81,100.94,397,55°F,Milan (Italy),,,,,,,,{t1:argent;ordinaries:[{ordinary:pall;t:gules}];charges:[{charge:crossTriquetra;t:gules;p:BCKFEILGJbdmfo;size:0.18}];shield:horsehead},https://watabou.github.io/village-generator/?pop=1678&name=Garico&seed=7531122100282&width=1600&height=780&style=default&tags=highway%2Cno+square%2Cdense
283,Anicenerano,Monturte,Monturte Barony,Arvicola,Arvicolan Empire,Tallian,Tallian Spirits,town,4733,1524.12,550.07,-15.22,105.77,397,61°F,Dubrovnik (Croatia),,,,walls,,,,{t1:argent;charges:[{charge:mullet6;t:gules;p:behdf;size:0.4}];shield:horsehead},https://watabou.github.io/city-generator/?name=Anicenerano&population=4733&size=23&seed=7531122100283&river=0&coast=0&farms=1&citadel=0&urban_castle=0&hub=0&plaza=0&greens=0&temple=0&walls=1&shantytown=0&style=natural
284,Accanoneta,Fusia,Fusia Margrave,Arvicola,Arvicolan Empire,Tallian,Tallian Spirits,town,6239,1474.09,546.55,-14.55,96.39,738,61°F,Dubrovnik (Croatia),,,,,,,,{t1:or;division:{division:perPile;t:purpure;line:invecked};ordinaries:[{ordinary:pile;t:gules}];shield:horsehead},https://watabou.github.io/city-generator/?name=Accanoneta&population=6239&size=26&seed=7531122100284&river=0&coast=0&farms=1&citadel=0&urban_castle=0&hub=0&plaza=0&greens=0&temple=0&walls=0&shantytown=0&style=natural
285,Tusianito,Tusianito,Tusianito Deanery,Casteleria,Divine Principality of Casteleria,Tallian,Vepar Pantheon,town,8030,1541.42,644.35,-33.26,109.02,397,50°F,London (England),,,,,,,,{t1:or;charges:[{charge:apple;t:gules;p:jln;t2:gules;size:0.7}];shield:horsehead},https://watabou.github.io/city-generator/?name=Tusianito&population=8030&size=28&seed=7531122100285&river=0&coast=0&farms=1&citadel=0&urban_castle=0&hub=0&plaza=0&greens=0&temple=0&walls=0&shantytown=0&style=natural
286,Inversnaiddu,Aray,Aray County,Arvicola,Arvicolan Empire,Keltan,Keltan Spirits,town,5457,1549.06,361.98,20.76,110.45,1588,50°F,London (England),,,citadel,,,,,{t1:vert;division:{division:perPile;t:or;line:barby};charges:[{charge:scissors;t:argent;p:e;size:0.7}];shield:oval},https://watabou.github.io/city-generator/?name=Inversnaiddu&population=5457&size=25&seed=7531122100286&river=0&coast=0&farms=1&citadel=1&urban_castle=1&hub=0&plaza=0&greens=0&temple=0&walls=0&shantytown=0&style=natural
287,Abery,Abercabercia,Abercabercia Barony,Arvicola,Arvicolan Empire,Keltan,Keltan Spirits,village,1225,1550.7,423.73,8.95,110.76,1063,59°F,Rome (Italy),,,,,,,,{t1:argent;charges:[{charge:salmon;t:sable;p:e;t2:sable;size:1.5}];shield:oval},https://watabou.github.io/village-generator/?pop=1225&name=Abery&seed=7531122100287&width=1400&height=683&style=default&tags=river%2Chighway%2Cno+square%2Cdense
288,Tareshead,Garebia,Garebia County,Lydonland,Kingdom of Lydonland,Angshire,Angshire Spirits,town,5251,1148.32,670.43,-38.24,35.31,554,41°F,Harbin (China),,port,,,,,,{t1:chequy-azure-argent;division:{division:perPile;t:or;line:straight};ordinaries:[{ordinary:chevronReversed;t:argent}];shield:wedged},https://watabou.github.io/city-generator/?name=Tareshead&population=5251&size=24&seed=7531122100288&river=0&coast=1&farms=1&citadel=0&urban_castle=0&hub=1&plaza=0&greens=0&temple=0&walls=0&shantytown=0&style=natural&sea=0.47
289,Athiaca,Myopomis,Myopomis Deanery,Ecelia,Eparchy of Ecelia,Elladan,Gourm Pantheon,town,6751,609.33,551.96,-15.58,-65.75,643,61°F,Dubrovnik (Croatia),,,,,,,,{t1:or;charges:[{charge:shears;t:sable;p:e;size:1.5}];shield:boeotian},https://watabou.github.io/city-generator/?name=Athiaca&population=6751&size=27&seed=7531122100289&river=1&coast=0&farms=1&citadel=0&urban_castle=0&hub=0&plaza=0&greens=0&temple=0&walls=0&shantytown=0&style=natural
290,Brirocobris,Caltaure,Caltaure Province,Viroval,Republic of Viroval,Romian,Ponstatra Deities,town,2936,1130.54,437.18,6.37,31.98,472,64°F,Barcelona (Spain),,,,,,,,{t1:azure;charges:[{charge:deerHeadCaboshed;t:or;p:e;t2:or;size:1.5}];shield:roman},https://watabou.github.io/city-generator/?name=Brirocobris&population=2936&size=19&seed=7531122100290&river=0&coast=0&farms=1&citadel=0&urban_castle=0&hub=1&plaza=0&greens=0&temple=0&walls=0&shantytown=0&style=natural
291,Sirnorenda,Tartius,Tartius Parish,Sampi,Brotherhood of Sampi,Romian,Sgurcelan Deities,town,5334,1139.29,396.44,14.17,33.62,118,63°F,Lisbon (Portugal),,,,,,,,{t1:azure;ordinaries:[{ordinary:bendSinister;t:argent;line:straight}];charges:[{charge:fly;t:azure;p:lem;t2:argent;t3:or;size:0.5}];shield:roman},https://watabou.github.io/city-generator/?name=Sirnorenda&population=5334&size=24&seed=7531122100291&river=0&coast=0&farms=1&citadel=0&urban_castle=0&hub=0&plaza=0&greens=0&temple=0&walls=0&shantytown=0&style=natural
292,Thytos,Exandria,Exandria Parish,Bhryreria,Patriarchate of Bhryreria,Elladan,Gourm Pantheon,town,2375,867.19,415.09,10.6,-17.4,30,64°F,Barcelona (Spain),,port,,,,,,{t1:gules;charges:[{charge:fountain;t:azure;p:jln;size:0.7}];shield:boeotian},https://watabou.github.io/city-generator/?name=Thytos&population=2375&size=18&seed=7531122100292&river=0&coast=1&farms=1&citadel=0&urban_castle=0&hub=0&plaza=0&greens=0&temple=0&walls=0&shantytown=0&style=natural&sea=1.86
293,Gerrantxo,Zebaga,Zebaga County,Erantzia,Kingdom of Erantzia,Euskati,Euskati Ancestors,village,1038,397,656.76,-35.63,-105.56,1736,41°F,Harbin (China),,,,,,,,{t1:pappellony2-argent-purpure-small;ordinaries:[{ordinary:pilesInPoint;t:purpure}];charges:[{charge:angel;t:sable;p:e;t2:sable;size:1.5}];shield:oldFrench},https://watabou.github.io/village-generator/?pop=1038&name=Gerrantxo&seed=7531122100293&width=1400&height=683&style=snow&tags=dead+end%2Cno+square%2Cdense
294,Bythona,Chalaion,Chalaion Parish,Bhryreria,Patriarchate of Bhryreria,Elladan,Gourm Pantheon,village,1022,722.3,318.9,29,-44.57,13,46°F,Prague (Czechia),,,citadel,,,,,{t1:barry-argent-purpure-small;charges:[{charge:bullHeadCaboshed;t:sable;p:e;t2:gules;size:1.5}];shield:boeotian},https://watabou.github.io/village-generator/?pop=1022&name=Bythona&seed=7531122100294&width=1400&height=683&style=default&tags=dead+end%2Cno+square%2Cdense
295,Corgas,Corgas,Corgas Seneschalty,Padamia,Grand Duchy of Padamia,Astellian,Occultism of the Chief of Lightning,city,13949,208.69,567.94,-18.64,-140.87,328,59°F,Rome (Italy),,,,,,,,{t1:argent;charges:[{charge:camel;t:vert;p:e;t2:vert;size:1.5}];shield:spanish},https://watabou.github.io/city-generator/?name=Corgas&population=13949&size=35&seed=7531122100295&river=1&coast=0&farms=1&citadel=0&urban_castle=0&hub=1&plaza=0&greens=0&temple=0&walls=0&shantytown=0&style=natural
296,Mabingdon,Mabingdon,Mabingdon County,Lydonland,Kingdom of Lydonland,Angshire,Angshire Spirits,town,7094,1026.04,552.43,-15.67,12.38,52,63°F,Lisbon (Portugal),,,,,,,,{t1:azure;charges:[{charge:lymphad;t:argent;p:e;t2:argent;t3:argent;size:1.5}];shield:wedged},https://watabou.github.io/city-generator/?name=Mabingdon&population=7094&size=27&seed=7531122100296&river=0&coast=0&farms=1&citadel=0&urban_castle=0&hub=0&plaza=0&greens=0&temple=0&walls=0&shantytown=0&style=natural
297,Forbosene,Cermiasia,Cermiasia Deanery,Sampi,Brotherhood of Sampi,Tallian,Sgurcelan Deities,town,11425,1114.83,309.21,30.85,29.03,30,46°F,Prague (Czechia),,port,,walls,plaza,,,{t1:azure;charges:[{charge:lionHeadCaboshed;t:or;p:abc;t2:or;size:0.5}];shield:horsehead},https://watabou.github.io/city-generator/?name=Forbosene&population=11425&size=33&seed=7531122100297&river=0&coast=1&farms=1&citadel=0&urban_castle=0&hub=0&plaza=1&greens=1&temple=0&walls=1&shantytown=0&style=natural&sea=0.84
298,Mubar,Sondioain,Sondioain County,Erantzia,Kingdom of Erantzia,Euskati,Euskati Ancestors,village,1140,439.29,656.78,-35.63,-97.63,2051,39°F,Reykjavik (Iceland),,,,,,,,{t1:azure;charges:[{charge:key;t:argent;p:jln;size:0.7}];shield:oldFrench},https://watabou.github.io/village-generator/?pop=1140&name=Mubar&seed=7531122100298&width=1400&height=683&style=snow&tags=highway%2Cuncultivated%2Cno+square%2Cdense
299,Chipton,Hinckhampia,Hinckhampia County,Lydonland,Kingdom of Lydonland,Angshire,Angshire Spirits,town,4557,1053.08,588.81,-22.63,17.45,118,61°F,Dubrovnik (Croatia),,,,,,,,{t1:purpure;ordinaries:[{ordinary:bend;t:argent;line:nowy}];charges:[{charge:crossHummetty;t:azure;p:e;size:0.7}];shield:wedged},https://watabou.github.io/city-generator/?name=Chipton&population=4557&size=23&seed=7531122100299&river=0&coast=0&farms=1&citadel=0&urban_castle=0&hub=0&plaza=0&greens=0&temple=0&walls=0&shantytown=0&style=natural
300,Karriariabu,Duraindibar,Duraindibar County,Estrielas,Duchy of Estrielas,Euskati,Euskati Ancestors,town,6282,336,683.4,-40.72,-117,82,43°F,Stockholm (Sweden),,,,,,,,{t1:sable;charges:[{charge:hand;t:or;p:pqe;size:0.5}];shield:oldFrench},https://watabou.github.io/city-generator/?name=Karriariabu&population=6282&size=26&seed=7531122100300&river=0&coast=0&farms=1&citadel=0&urban_castle=0&hub=0&plaza=0&greens=0&temple=0&walls=0&shantytown=0&style=natural
301,Morgan,Sasos,Sasos Parish,Bhryreria,Patriarchate of Bhryreria,Elladan,Gourm Pantheon,village,1454,635.93,393.42,14.74,-60.76,161,63°F,Lisbon (Portugal),,,,,,,,{t1:gules;charges:[{charge:thistle;t:argent;p:e;size:1.5}];shield:boeotian},https://watabou.github.io/village-generator/?pop=1454&name=Morgan&seed=7531122100301&width=1400&height=683&style=default&tags=highway%2Cno+square%2Cdense
302,Greloy,Madrocia,Madrocia Shire,Padamia,Grand Duchy of Padamia,Norse,Occultism of the Chief of Lightning,town,4125,235.6,585.67,-22.03,-135.82,4252,43°F,Stockholm (Sweden),,,citadel,,,,,{t1:sable;division:{division:perFess;t:vairAncien-argent-purpure-smaller;line:wavy};charges:[{charge:crossHummetty;t:or;p:k;size:0.7};{charge:lionPassant;t:azure;p:n;size:0.7}];shield:heater},https://watabou.github.io/city-generator/?name=Greloy&population=4125&size=22&seed=7531122100302&river=0&coast=0&farms=0&citadel=1&urban_castle=1&hub=0&plaza=0&greens=0&temple=0&walls=0&shantytown=0&style=natural
303,Auetoriga,Nervia,Nervia Governorate,Viroval,Republic of Viroval,Romian,Ponstatra Deities,city,13707,1231.95,651.74,-34.67,50.99,30,48°F,Copenhagen (Denmark),,,,,,,,{t1:gules;charges:[{charge:bridge;t:argent;p:e;size:1.5}];shield:roman},https://watabou.github.io/city-generator/?name=Auetoriga&population=13707&size=35&seed=7531122100303&river=0&coast=0&farms=1&citadel=0&urban_castle=0&hub=0&plaza=0&greens=0&temple=0&walls=0&shantytown=0&style=natural
304,Tustellerale,Belia,Belia Parish,Casteleria,Divine Principality of Casteleria,Tallian,Vepar Pantheon,town,3808,1608.81,607.59,-26.22,121.65,52,55°F,Milan (Italy),,,,,,,,{t1:argent;ordinaries:[{ordinary:fess;t:purpure;line:firTrees}];charges:[{charge:scorpion;t:vert;p:abc;size:0.5}];shield:horsehead},https://watabou.github.io/city-generator/?name=Tustellerale&population=3808&size=21&seed=7531122100304&river=1&coast=0&farms=1&citadel=0&urban_castle=0&hub=0&plaza=0&greens=0&temple=0&walls=0&shantytown=0&style=natural
305,Gallbhirdaug,Llantinbhu,Llantinbhu County,Arvicola,Arvicolan Empire,Keltan,Keltan Spirits,town,5001,1560.41,361.79,20.79,112.58,738,52°F,Antwerp (Belgium),,,,,plaza,,,{t1:purpure;ordinaries:[{ordinary:pileInBend;t:argent}];charges:[{charge:scalesHanging;t:gules;p:e;size:0.5}];shield:oval},https://watabou.github.io/city-generator/?name=Gallbhirdaug&population=5001&size=24&seed=7531122100305&river=1&coast=0&farms=1&citadel=0&urban_castle=0&hub=0&plaza=1&greens=1&temple=0&walls=0&shantytown=0&style=natural
306,Tarpidovo,Supice,Supice Parish,Casteleria,Divine Principality of Casteleria,Tallian,Vepar Pantheon,town,2546,1485.6,629.79,-30.47,98.55,554,50°F,London (England),,,,,,,,{t1:azure;ordinaries:[{ordinary:flaunches;t:or}];shield:horsehead},https://watabou.github.io/city-generator/?name=Tarpidovo&population=2546&size=18&seed=7531122100306&river=0&coast=0&farms=1&citadel=0&urban_castle=0&hub=0&plaza=0&greens=0&temple=0&walls=0&shantytown=0&style=natural
307,Intinbhinnse,Flecheiro,Flecheiro Barony,Arvicola,Arvicolan Empire,Keltan,Keltan Spirits,town,3497,1644.76,405.02,12.53,128.39,3153,54°F,Paris (France),,,,,,,,{t1:azure;charges:[{charge:swan;t:or;p:e;t2:or;t3:or;size:1.5}];shield:oval},https://watabou.github.io/city-generator/?name=Intinbhinnse&population=3497&size=21&seed=7531122100307&river=0&coast=0&farms=1&citadel=0&urban_castle=0&hub=0&plaza=0&greens=0&temple=0&walls=0&shantytown=0&style=natural
308,Solice,Solice,Solice Barony,Arvicola,Arvicolan Empire,Tallian,Tallian Spirits,town,6139,1588.92,509.48,-7.46,117.92,1184,61°F,Dubrovnik (Croatia),,,,,,,,{t1:azure;division:{division:perCross;t:barry-or-vert;line:straight};shield:horsehead},https://watabou.github.io/city-generator/?name=Solice&population=6139&size=26&seed=7531122100308&river=0&coast=0&farms=1&citadel=0&urban_castle=0&hub=0&plaza=0&greens=0&temple=0&walls=0&shantytown=0&style=natural
309,Posca,Tusianito,Tusianito Deanery,Casteleria,Divine Principality of Casteleria,Tallian,Vepar Pantheon,town,4233,1573.16,632.04,-30.9,114.97,118,52°F,Antwerp (Belgium),,port,,,,,,{t1:vert;ordinaries:[{ordinary:bend;t:argent;line:dragonTeeth}];charges:[{charge:drakkar;t:azure;p:joe;t2:or;t3:or;size:0.5;sinister:1}];shield:horsehead},https://watabou.github.io/city-generator/?name=Posca&population=4233&size=22&seed=7531122100309&river=0&coast=1&farms=1&citadel=0&urban_castle=0&hub=0&plaza=0&greens=0&temple=0&walls=0&shantytown=0&style=natural&sea=0.12
310,Yadi,Ayburyurt,Ayburyurt County,Esenkoryurt,Esenkoryurt Khaganate,Turchian,Turchian Spirits,town,4165,845.8,586.7,-22.23,-21.41,82,61°F,Dubrovnik (Croatia),,,,walls,,,,{t1:azure;ordinaries:[{ordinary:bar;t:or;line:rayonne}];charges:[{charge:armEmbowedHoldingSabre;t:purpure;p:def;t2:purpure;t3:argent;size:0.3}];shield:round},https://watabou.github.io/city-generator/?name=Yadi&population=4165&size=22&seed=7531122100310&river=0&coast=0&farms=1&citadel=0&urban_castle=0&hub=0&plaza=0&greens=0&temple=0&walls=1&shantytown=0&style=natural
311,Sofrosta,Tosvolgia,Tosvolgia Parish,Piereia,Bishopric of Piereia,Norse,Norse Forefathers,town,12856,302.18,391.08,15.19,-123.34,554,61°F,Dubrovnik (Croatia),,,,,,,,{t1:argent;charges:[{charge:pegasus;t:azure;p:jln;t2:azure;t3:gules;size:0.7}];shield:heater},https://watabou.github.io/city-generator/?name=Sofrosta&population=12856&size=34&seed=7531122100311&river=0&coast=0&farms=0&citadel=0&urban_castle=0&hub=0&plaza=0&greens=0&temple=0&walls=0&shantytown=0&style=natural
312,Parnallola,Parnallola,Parnallola County,Alverenia,Duchy of Alverenia,Astellian,Occultism of the Chief of Lightning,town,8574,195.48,598.03,-24.39,-143.35,2051,50°F,London (England),,,,,,,,{t1:pappellony2-argent-gules-small;charges:[{charge:shears;t:sable;p:e;size:1.5}];shield:spanish},https://watabou.github.io/city-generator/?name=Parnallola&population=8574&size=29&seed=7531122100312&river=0&coast=0&farms=1&citadel=0&urban_castle=0&hub=0&plaza=0&greens=0&temple=0&walls=0&shantytown=0&style=natural
313,Maranelleno,Supice,Supice Parish,Casteleria,Divine Principality of Casteleria,Tallian,Vepar Pantheon,village,950,1481.55,613.95,-27.44,97.79,948,52°F,Antwerp (Belgium),,,,,,,,{t1:gules;division:{division:chevronny;t:argent};charges:[{charge:sabre2;t:or;p:jlh;t2:or;divided:counter;size:0.7}];shield:horsehead},https://watabou.github.io/village-generator/?pop=950&name=Maranelleno&seed=7531122100313&width=1000&height=488&style=default&tags=dead+end%2Cno+square%2Cdense
314,Alyreumnos,Abros,Abros Deanery,Bhryreria,Patriarchate of Bhryreria,Elladan,Gourm Pantheon,village,1010,836.04,379.99,17.31,-23.24,13,61°F,Dubrovnik (Croatia),,,,,,,,{t1:gules;ordinaries:[{ordinary:bendSinister;t:or;line:embattledNotched}];charges:[{charge:fleurDeLis;t:vert;p:e;size:0.7}];shield:boeotian},https://watabou.github.io/village-generator/?pop=1010&name=Alyreumnos&seed=7531122100314&width=1400&height=683&style=default&tags=dead+end%2Cno+square%2Cdense
315,Farviverzo,Nescanolia,Nescanolia Parish,Sampi,Brotherhood of Sampi,Tallian,Sgurcelan Deities,town,7101,1199.61,317.69,29.23,44.93,738,45°F,Montreal (Canada),,,,,,,,{t1:barry-argent-sable;charges:[{charge:scissors;t:gules;p:e;size:1.5}];shield:horsehead},https://watabou.github.io/city-generator/?name=Farviverzo&population=7101&size=27&seed=7531122100315&river=0&coast=0&farms=1&citadel=0&urban_castle=0&hub=0&plaza=0&greens=0&temple=0&walls=0&shantytown=0&style=natural
316,Polcanos,Asvagyteleves,Asvagyteleves Landgrave,Tiszalgaria,Kingdom of Tiszalgaria,Vengrian,Gods of the Sapphire Numen,village,1103,1278.2,459.34,2.13,59.66,118,66°F,Marrakesh (Morocco),,,,,,,,{t1:or;ordinaries:[{ordinary:bendletSinister;t:gules;line:straight}];charges:[{charge:scissors2;t:or;p:lem;size:0.3}];shield:horsehead2},https://watabou.github.io/village-generator/?pop=1103&name=Polcanos&seed=7531122100316&width=1400&height=683&style=default&tags=dead+end%2Cno+square%2Cdense
317,Mendicalle,Giumia,Giumia Barony,Arvicola,Arvicolan Empire,Tallian,Tallian Spirits,town,3855,1407.01,480.02,-1.82,83.81,2392,57°F,Washington (D.C.),,,citadel,,,,,{t1:or;division:{division:perPile;t:azure;line:straight};charges:[{charge:crescent;t:vert;p:be;divided:counter;size:0.5}];shield:horsehead},https://watabou.github.io/city-generator/?name=Mendicalle&population=3855&size=22&seed=7531122100317&river=0&coast=0&farms=1&citadel=1&urban_castle=0&hub=0&plaza=0&greens=0&temple=0&walls=0&shantytown=0&style=natural
318,Lenvagy,Vinerute,Vinerute Governorate,Viroval,Republic of Viroval,Vengrian,Gods of the Sapphire Numen,village,871,1194.47,526.23,-10.66,43.96,643,63°F,Lisbon (Portugal),,,,,,,,{t1:sable;charges:[{charge:cavalier;t:argent;p:e;t2:argent;t3:argent;size:1.5}];shield:horsehead2},https://watabou.github.io/village-generator/?pop=871&name=Lenvagy&seed=7531122100318&width=1000&height=488&style=default&tags=dead+end%2Cuncultivated%2Cno+square%2Cdense
319,Mouroso,Mouroso,Mouroso Earldom,Barolia,Principality of Barolia,Portuzian,Chaminta Pantheon,town,6848,1716.56,442.57,5.34,141.85,840,63°F,Lisbon (Portugal),,,,,,,,{t1:lozengy-or-gules;ordinaries:[{ordinary:terrace;t:azure;line:straight}];charges:[{charge:dragonRampant;t:purpure;p:bdf;t2:purpure;t3:purpure;size:0.5}];shield:renaissance},https://watabou.github.io/city-generator/?name=Mouroso&population=6848&size=27&seed=7531122100319&river=0&coast=0&farms=1&citadel=0&urban_castle=0&hub=0&plaza=0&greens=0&temple=0&walls=0&shantytown=0&style=natural
320,Corianum,Ascria,Ascria Governorate,Viroval,Republic of Viroval,Romian,Ponstatra Deities,town,2609,1471.18,748.98,-53.27,95.85,30,32°F,Murmansk (Russia),,port,,,plaza,,,{t1:azure;ordinaries:[{ordinary:chevronReversed;t:or}];charges:[{charge:bridge2;t:argent;p:b;size:0.5}];shield:roman},https://watabou.github.io/city-generator/?name=Corianum&population=2609&size=19&seed=7531122100320&river=1&coast=1&farms=0&citadel=0&urban_castle=0&hub=0&plaza=1&greens=1&temple=0&walls=0&shantytown=0&style=natural
321,Sebenia,Laolis,Laolis Parish,Bhryreria,Patriarchate of Bhryreria,Elladan,Gourm Pantheon,village,1093,741.11,396.77,14.1,-41.04,118,63°F,Lisbon (Portugal),,,,,,,,{t1:gules;division:{division:perPale;t:argent;line:rayonne};charges:[{charge:rustre;t:or;p:e;size:1.5}];shield:boeotian},https://watabou.github.io/village-generator/?pop=1093&name=Sebenia&seed=7531122100321&width=1400&height=683&style=default&tags=highway%2Cno+square%2Cdense
322,Draxningley,Alblemia,Alblemia County,Lydonland,Kingdom of Lydonland,Angshire,Angshire Spirits,village,1032,1087.2,681.96,-40.45,23.85,554,41°F,Harbin (China),,,,walls,,,,{t1:azure;charges:[{charge:anvil;t:or;p:e;size:1.5}];shield:wedged},https://watabou.github.io/village-generator/?pop=1032&name=Draxningley&seed=7531122100322&width=1400&height=683&style=snow&tags=highway%2Cno+square%2Cpalisade%2Cdense
323,Portsted,Newentford,Newentford County,Lydonland,Kingdom of Lydonland,Angshire,Angshire Spirits,town,5660,1109.23,692.64,-42.49,27.98,397,39°F,Reykjavik (Iceland),,,,,,,,{t1:gules;charges:[{charge:portcullis;t:argent;p:e;t2:argent;size:1.5}];shield:wedged},https://watabou.github.io/city-generator/?name=Portsted&population=5660&size=25&seed=7531122100323&river=0&coast=0&farms=1&citadel=0&urban_castle=0&hub=0&plaza=0&greens=0&temple=0&walls=0&shantytown=0&style=natural
324,Wargham,Mabingdon,Mabingdon County,Lydonland,Kingdom of Lydonland,Angshire,Angshire Spirits,town,2856,1033.68,524.93,-10.41,13.82,13,64°F,Barcelona (Spain),,port,,,,,,{t1:argent;charges:[{charge:anchor;t:sable;p:e;size:1.5}];shield:wedged},https://watabou.github.io/city-generator/?name=Wargham&population=2856&size=19&seed=7531122100324&river=0&coast=1&farms=1&citadel=0&urban_castle=0&hub=0&plaza=0&greens=0&temple=0&walls=0&shantytown=0&style=natural&sea=1.3
325,Auriebata,Ponis,Ponis Governorate,Viroval,Republic of Viroval,Romian,Ponstatra Deities,city,13596,1127.43,466.37,0.79,31.39,30,66°F,Marrakesh (Morocco),,,citadel,walls,,,,{t1:azure;charges:[{charge:bookClosed;t:argent;p:e;t2:argent;t3:or;size:1.5}];shield:roman},https://watabou.github.io/city-generator/?name=Auriebata&population=13596&size=35&seed=7531122100325&river=1&coast=0&farms=1&citadel=1&urban_castle=0&hub=0&plaza=0&greens=0&temple=0&walls=1&shantytown=0&style=natural
326,Frasalenza,Cano,Cano Deanery,Sampi,Brotherhood of Sampi,Tallian,Sgurcelan Deities,town,3792,1262.17,358.13,21.49,56.66,840,52°F,Antwerp (Belgium),,,,,,,,{t1:or;division:{division:perPale;t:azure;line:potenty};ordinaries:[{ordinary:fess;t:purpure;line:rayonne}];shield:horsehead},https://watabou.github.io/city-generator/?name=Frasalenza&population=3792&size=21&seed=7531122100326&river=0&coast=0&farms=0&citadel=0&urban_castle=0&hub=0&plaza=0&greens=0&temple=0&walls=0&shantytown=0&style=natural
327,Exandria,Exandria,Exandria Parish,Bhryreria,Patriarchate of Bhryreria,Elladan,Gourm Pantheon,town,7976,851.6,404.4,12.64,-20.32,13,63°F,Lisbon (Portugal),,,citadel,,,,,{t1:gules;ordinaries:[{ordinary:pallReversed;t:argent}];charges:[{charge:dragonPassant;t:gules;p:bemo;t2:gules;t3:gules;size:0.5}];shield:boeotian},https://watabou.github.io/city-generator/?name=Exandria&population=7976&size=28&seed=7531122100327&river=0&coast=0&farms=1&citadel=1&urban_castle=0&hub=0&plaza=0&greens=0&temple=0&walls=0&shantytown=0&style=natural
328,Aktas,Laolis,Laolis Parish,Bhryreria,Patriarchate of Bhryreria,Elladan,Gourm Pantheon,town,6698,747.75,406.18,12.3,-39.8,52,64°F,Barcelona (Spain),,port,,,,,,{t1:sable;charges:[{charge:escallop;t:argent;p:jln;size:0.7}];shield:boeotian},https://watabou.github.io/city-generator/?name=Aktas&population=6698&size=27&seed=7531122100328&river=0&coast=1&farms=1&citadel=0&urban_castle=0&hub=0&plaza=0&greens=0&temple=0&walls=0&shantytown=0&style=natural&sea=0.03
329,Sarprak,Bolubeyurt,Bolubeyurt Barony,Esenkoryurt,Esenkoryurt Khaganate,Turchian,Turchian Spirits,city,12897,690.15,653.69,-35.04,-50.6,738,45°F,Montreal (Canada),,,,,,,,{t1:or;ordinaries:[{ordinary:gyron;t:azure}];shield:round},https://watabou.github.io/city-generator/?name=Sarprak&population=12897&size=34&seed=7531122100329&river=0&coast=0&farms=1&citadel=0&urban_castle=0&hub=0&plaza=0&greens=0&temple=0&walls=0&shantytown=0&style=natural
330,Foreiraran,Foreiraran,Foreiraran Barony,Barolia,Principality of Barolia,Portuzian,Chaminta Pantheon,town,10980,1673.17,489.38,-3.61,133.72,118,66°F,Marrakesh (Morocco),,port,citadel,,,,,{t1:azure;division:{division:perFess;t:or;line:invecked};charges:[{charge:pique;t:argent;p:k;size:0.7};{charge:swan;t:sable;p:n;size:0.7}];shield:renaissance},https://watabou.github.io/city-generator/?name=Foreiraran&population=10980&size=32&seed=7531122100330&river=1&coast=1&farms=1&citadel=1&urban_castle=1&hub=0&plaza=0&greens=0&temple=0&walls=0&shantytown=0&style=natural
331,Yburnuzun,Ayburyurt,Ayburyurt County,Esenkoryurt,Esenkoryurt Khaganate,Turchian,Turchian Spirits,town,2906,897.89,588.52,-22.58,-11.65,266,59°F,Rome (Italy),,,,,,,,{t1:or;division:{division:perCross;t:gules;line:urdy};charges:[{charge:hand;t:vert;p:j;size:0.6};{charge:mullet;t:or;p:l;size:0.6};{charge:bookOpen;t:argent;p:m;size:0.6};{charge:lionPassant;t:gules;p:o;size:0.6}];shield:round},https://watabou.github.io/city-generator/?name=Yburnuzun&population=2906&size=19&seed=7531122100331&river=0&coast=0&farms=1&citadel=0&urban_castle=0&hub=0&plaza=0&greens=0&temple=0&walls=0&shantytown=0&style=natural
332,Astaizkoi,Baria,Baria County,Beytekyurt,Beytekyurt Horde,Euskati,Euskati Ancestors,town,10887,542.56,697.7,-43.46,-78.27,328,39°F,Reykjavik (Iceland),,,,walls,,,,{t1:gules;ordinaries:[{ordinary:chief;t:argent;line:dovetailed}];charges:[{charge:lanceWithBanner;t:gules;p:abc;t2:gules;t3:or;size:0.5}];shield:oldFrench},https://watabou.github.io/city-generator/?name=Astaizkoi&population=10887&size=32&seed=7531122100332&river=0&coast=0&farms=1&citadel=0&urban_castle=0&hub=0&plaza=0&greens=0&temple=0&walls=1&shantytown=0&style=natural
333,Tusentium,Tusentium,Tusentium Governorate,Viroval,Republic of Viroval,Romian,Ponstatra Deities,town,8246,1105.5,455.9,2.79,27.28,52,66°F,Marrakesh (Morocco),,,citadel,,,,,{t1:azure;charges:[{charge:pike;t:argent;p:e;t2:or;size:1.5}];shield:roman},https://watabou.github.io/city-generator/?name=Tusentium&population=8246&size=29&seed=7531122100333&river=0&coast=0&farms=1&citadel=1&urban_castle=0&hub=0&plaza=0&greens=0&temple=0&walls=0&shantytown=0&style=natural
334,Boydiler,Enev,Enev Earldom,Esenkoryurt,Esenkoryurt Khaganate,Turchian,Turchian Spirits,town,6071,677.57,611.3,-26.93,-52.96,161,55°F,Milan (Italy),,,citadel,,,,,{t1:argent;division:{division:gyronny;t:vert};charges:[{charge:lozengeFaceted;t:gules;p:e;size:1.5}];shield:round},https://watabou.github.io/city-generator/?name=Boydiler&population=6071&size=26&seed=7531122100334&river=0&coast=0&farms=1&citadel=1&urban_castle=1&hub=0&plaza=0&greens=0&temple=0&walls=0&shantytown=0&style=natural
335,Deriler,Alteli,Alteli Barony,Beytekyurt,Beytekyurt Horde,Turchian,Turchian Spirits,town,7680,620.79,674.74,-39.07,-63.6,30,43°F,Stockholm (Sweden),,,,,,,,{t1:gules;charges:[{charge:tower;t:argent;p:e;t2:argent;size:1.5}];shield:round},https://watabou.github.io/city-generator/?name=Deriler&population=7680&size=28&seed=7531122100335&river=0&coast=0&farms=1&citadel=0&urban_castle=0&hub=0&plaza=0&greens=0&temple=0&walls=0&shantytown=0&style=natural
336,Ingad,Laning,Laning County,Arvicola,Arvicolan Empire,Keltan,Keltan Spirits,town,8445,1561.34,449.71,3.98,112.75,1447,61°F,Dubrovnik (Croatia),,,,walls,,,,{t1:azure;charges:[{charge:bell;t:argent;p:e;t2:argent;size:1.5}];shield:oval},https://watabou.github.io/city-generator/?name=Ingad&population=8445&size=29&seed=7531122100336&river=0&coast=0&farms=1&citadel=0&urban_castle=0&hub=0&plaza=0&greens=0&temple=0&walls=1&shantytown=0&style=natural
337,Chorbar,Inach,Inach County,Arvicola,Arvicolan Empire,Keltan,Keltan Spirits,city,14286,1587.03,422.35,9.21,117.57,948,61°F,Dubrovnik (Croatia),,port,,walls,,,,{t1:pappellony2-argent-azure-smaller;division:{division:perCross;t:sable;line:straight};ordinaries:[{ordinary:chevronReversed;t:purpure}];shield:oval},https://watabou.github.io/city-generator/?name=Chorbar&population=14286&size=35&seed=7531122100337&river=1&coast=1&farms=1&citadel=0&urban_castle=0&hub=1&plaza=0&greens=0&temple=0&walls=1&shantytown=0&style=natural
338,Bodula,Bodula,Bodula Governorate,Viroval,Republic of Viroval,Romian,Ponstatra Deities,town,11713,1345.9,665,-37.21,72.36,30,46°F,Prague (Czechia),,,,walls,plaza,,,{t1:azure;charges:[{charge:fleurDeLis;t:or;p:e;size:1.5}];shield:roman},https://watabou.github.io/city-generator/?name=Bodula&population=11713&size=33&seed=7531122100338&river=0&coast=0&farms=1&citadel=0&urban_castle=0&hub=0&plaza=1&greens=1&temple=0&walls=1&shantytown=0&style=natural
339,Seatescom,Seatescom,Seatescom Margrave,Lydonland,Kingdom of Lydonland,Angshire,Angshire Spirits,town,6717,1118.38,625.1,-29.57,29.7,472,50°F,London (England),,port,,,,,,{t1:sable;division:{division:perFess;t:argent;line:straight};charges:[{charge:crossSaltire;t:or;p:e;divided:field;size:1.5};{charge:trefoil;t:purpure;p:e;divided:division;size:1.5}];shield:wedged},https://watabou.github.io/city-generator/?name=Seatescom&population=6717&size=27&seed=7531122100339&river=0&coast=1&farms=1&citadel=0&urban_castle=0&hub=0&plaza=0&greens=0&temple=0&walls=0&shantytown=0&style=natural&sea=0.26
340,Trelo,Fiuria,Fiuria County,Arvicola,Arvicolan Empire,Tallian,Tallian Spirits,village,1133,1519.8,498.62,-5.38,104.96,2392,57°F,Washington (D.C.),,,,walls,,,,{t1:or;ordinaries:[{ordinary:chevron;t:sable}];charges:[{charge:lanceWithBanner;t:purpure;p:e;t2:purpure;t3:purpure;size:1.5}];shield:horsehead},https://watabou.github.io/village-generator/?pop=1133&name=Trelo&seed=7531122100340&width=1400&height=683&style=default&tags=highway%2Cno+square%2Cpalisade%2Cdense
341,Phigostha,Kutyurt,Kutyurt Barony,Beytekyurt,Beytekyurt Horde,Elladan,Gourm Pantheon,town,5437,589.21,616.21,-27.87,-69.52,554,54°F,Paris (France),,,,,,,,{t1:purpure;charges:[{charge:palmTree;t:or;p:jln;t2:or;t3:or;size:0.7}];shield:boeotian},https://watabou.github.io/city-generator/?name=Phigostha&population=5437&size=25&seed=7531122100341&river=0&coast=0&farms=1&citadel=0&urban_castle=0&hub=0&plaza=0&greens=0&temple=0&walls=0&shantytown=0&style=natural
342,Alprati,Azyolkaneli,Azyolkaneli Earldom,Esenkoryurt,Esenkoryurt Khaganate,Turchian,Turchian Spirits,town,5708,758.51,541.59,-13.6,-37.78,397,61°F,Dubrovnik (Croatia),,,,,,,,{t1:or;charges:[{charge:cavalier;t:purpure;p:e;t2:purpure;t3:purpure;size:1.5}];shield:round},https://watabou.github.io/city-generator/?name=Alprati&population=5708&size=25&seed=7531122100342&river=0&coast=0&farms=1&citadel=0&urban_castle=0&hub=0&plaza=0&greens=0&temple=0&walls=0&shantytown=0&style=natural
343,Cabery,Beisaberia,Beisaberia Margrave,Arvicola,Arvicolan Empire,Keltan,Keltan Spirits,town,3714,1551.42,306.05,31.46,110.89,2051,34°F,Arkhangelsk (Russia),,,,,,,,{t1:argent;charges:[{charge:crossTemplar;t:gules;p:e;size:1.5}];shield:oval},https://watabou.github.io/city-generator/?name=Cabery&population=3714&size=21&seed=7531122100343&river=0&coast=0&farms=0&citadel=0&urban_castle=0&hub=0&plaza=0&greens=0&temple=0&walls=0&shantytown=0&style=natural
344,Bayayanadi,Obaman,Obaman Seneschalty,Esenkoryurt,Esenkoryurt Khaganate,Turchian,Turchian Spirits,village,1100,826.6,581.14,-21.16,-25.01,30,61°F,Dubrovnik (Croatia),,,,,,,,{t1:vert;division:{division:perFess;t:argent;line:straight};charges:[{charge:cavalier;t:or;p:kmo;t2:or;t3:or;divided:field;size:0.5};{charge:bowWithArrow;t:sable;p:jlh;divided:division;size:0.7}];shield:round},https://watabou.github.io/village-generator/?pop=1100&name=Bayayanadi&seed=7531122100344&width=1400&height=683&style=default&tags=dead+end%2Cfarmland%2Cno+square%2Cdense
345,Berterain,Baria,Baria County,Beytekyurt,Beytekyurt Horde,Euskati,Euskati Ancestors,town,6090,555.77,716.39,-47.04,-75.79,13,37°F,Tromsø (Norway),,port,,walls,,,,{t1:gules;ordinaries:[{ordinary:terrace;t:argent;line:embattledGhibellin}];charges:[{charge:mascle;t:or;p:bdf;size:0.5}];shield:oldFrench},https://watabou.github.io/city-generator/?name=Berterain&population=6090&size=26&seed=7531122100345&river=1&coast=1&farms=0&citadel=0&urban_castle=0&hub=0&plaza=0&greens=0&temple=0&walls=1&shantytown=0&style=natural&sea=1.66
346,Condaurorum,Ulpiatu,Ulpiatu Governorate,Viroval,Republic of Viroval,Romian,Ponstatra Deities,village,1497,1274.36,636.27,-31.71,58.94,1184,46°F,Prague (Czechia),,,,,,,,{t1:argent;charges:[{charge:palmTree;t:azure;p:e;t2:azure;t3:azure;size:1.5}];shield:roman},https://watabou.github.io/village-generator/?pop=1497&name=Condaurorum&seed=7531122100346&width=1400&height=683&style=default&tags=dead+end%2Cno+square%2Cdense
347,Heleuthenai,Bytheta,Bytheta Deanery,Ecelia,Eparchy of Ecelia,Elladan,Gourm Pantheon,town,2901,612.25,486.99,-3.15,-65.2,13,66°F,Marrakesh (Morocco),,port,,,,,,{t1:barry-or-vert-smaller;charges:[{charge:apple;t:gules;p:e;t2:gules;size:1.5}];shield:boeotian},https://watabou.github.io/city-generator/?name=Heleuthenai&population=2901&size=19&seed=7531122100347&river=1&coast=1&farms=1&citadel=0&urban_castle=0&hub=0&plaza=0&greens=0&temple=0&walls=0&shantytown=0&style=natural&sea=0.3
348,Cerluso,Pattefiapen,Pattefiapen Barony,Arvicola,Arvicolan Empire,Tallian,Tallian Spirits,town,7983,1582.31,509.46,-7.45,116.68,1447,61°F,Dubrovnik (Croatia),,,,,,,,{t1:pally-argent-vert;ordinaries:[{ordinary:chevronReversed;t:azure}];shield:horsehead},https://watabou.github.io/city-generator/?name=Cerluso&population=7983&size=28&seed=7531122100348&river=0&coast=0&farms=1&citadel=0&urban_castle=0&hub=0&plaza=0&greens=0&temple=0&walls=0&shantytown=0&style=natural
349,Gamattutose,Vericupi,Vericupi Parish,Casteleria,Divine Principality of Casteleria,Tallian,Vepar Pantheon,town,2434,1514.83,575.57,-20.1,104.03,397,59°F,Rome (Italy),,,,,,,,{t1:argent;charges:[{charge:scale;t:gules;p:e;t2:gules;size:1.5}];shield:horsehead},https://watabou.github.io/city-generator/?name=Gamattutose&population=2434&size=18&seed=7531122100349&river=0&coast=0&farms=1&citadel=0&urban_castle=0&hub=0&plaza=0&greens=0&temple=0&walls=0&shantytown=0&style=natural
350,Rioflase,Rioflase,Rioflase Margrave,Arvicola,Arvicolan Empire,Tallian,Tallian Spirits,town,9351,1377.89,568.63,-18.77,78.35,643,57°F,Washington (D.C.),,,,,,,,{t1:gules;charges:[{charge:scale;t:or;p:jln;t2:argent;size:0.7}];shield:horsehead},https://watabou.github.io/city-generator/?name=Rioflase&population=9351&size=30&seed=7531122100350&river=1&coast=0&farms=1&citadel=0&urban_castle=0&hub=0&plaza=0&greens=0&temple=0&walls=0&shantytown=0&style=natural
351,Bozbeyte,Alkan,Alkan Earldom,Esenkoryurt,Esenkoryurt Khaganate,Turchian,Turchian Spirits,town,6313,840.41,532.08,-11.78,-22.42,13,64°F,Barcelona (Spain),,,,,,,,{t1:argent;ordinaries:[{ordinary:crossParted;t:sable;line:indented}];charges:[{charge:duck;t:purpure;p:e;t2:purpure;t3:azure;size:1.5}];shield:round},https://watabou.github.io/city-generator/?name=Bozbeyte&population=6313&size=26&seed=7531122100351&river=1&coast=0&farms=1&citadel=0&urban_castle=0&hub=0&plaza=0&greens=0&temple=0&walls=0&shantytown=0&style=natural
352,Hielea,Golbia,Golbia Parish,Bhryreria,Patriarchate of Bhryreria,Elladan,Gourm Pantheon,city,16511,663.05,369.08,19.4,-55.68,82,59°F,Rome (Italy),,,citadel,walls,,,,{t1:purpure;ordinaries:[{ordinary:flaunches;t:argent}];charges:[{charge:lizard;t:argent;p:beh;size:0.5}];shield:boeotian},https://watabou.github.io/city-generator/?name=Hielea&population=16511&size=37&seed=7531122100352&river=0&coast=0&farms=1&citadel=1&urban_castle=1&hub=0&plaza=0&greens=0&temple=0&walls=1&shantytown=0&style=natural
353,Treillecoq,Chave,Chave County,Presia,Principality of Presia,Luari,Fercellesism,town,5841,397.89,409.89,11.59,-105.4,1447,59°F,Rome (Italy),,,,,,,,{t1:azure;charges:[{charge:archer;t:argent;p:e;t2:argent;t3:argent;size:1.5}];shield:french},https://watabou.github.io/city-generator/?name=Treillecoq&population=5841&size=25&seed=7531122100353&river=0&coast=0&farms=1&citadel=0&urban_castle=0&hub=0&plaza=0&greens=0&temple=0&walls=0&shantytown=0&style=natural
354,Yelkanoba,Ayburyurt,Ayburyurt County,Esenkoryurt,Esenkoryurt Khaganate,Turchian,Turchian Spirits,town,2588,875.17,584.91,-21.89,-15.91,328,59°F,Rome (Italy),,,,walls,,,,{t1:gules;ordinaries:[{ordinary:chief;t:argent;line:bevilled}];charges:[{charge:mullet6;t:gules;p:abc;size:0.5}];shield:round},https://watabou.github.io/city-generator/?name=Yelkanoba&population=2588&size=19&seed=7531122100354&river=0&coast=0&farms=1&citadel=0&urban_castle=0&hub=0&plaza=0&greens=0&temple=0&walls=1&shantytown=0&style=natural
355,Piango,Fonguilfor,Fonguilfor Parish,Sampi,Brotherhood of Sampi,Tallian,Sgurcelan Deities,town,4827,1153.66,320.5,28.69,36.31,210,46°F,Prague (Czechia),,,,walls,,,,{t1:argent;division:{division:perPale;t:azure;line:straight};charges:[{charge:armEmbowedHoldingSabre;t:gules;p:p;t2:sable;t3:gules;size:0.7};{charge:boat;t:or;p:q;size:0.7}];shield:horsehead},https://watabou.github.io/city-generator/?name=Piango&population=4827&size=23&seed=7531122100355&river=0&coast=0&farms=1&citadel=0&urban_castle=0&hub=0&plaza=0&greens=0&temple=0&walls=1&shantytown=0&style=natural
356,Aberleithney,Flecheiro,Flecheiro Barony,Arvicola,Arvicolan Empire,Keltan,Keltan Spirits,town,3899,1623.92,392.86,14.85,124.49,948,61°F,Dubrovnik (Croatia),,,,,,,,{t1:azure;charges:[{charge:drawingCompass;t:or;p:e;size:1.5}];shield:oval},https://watabou.github.io/city-generator/?name=Aberleithney&population=3899&size=22&seed=7531122100356&river=0&coast=0&farms=1&citadel=0&urban_castle=0&hub=0&plaza=0&greens=0&temple=0&walls=0&shantytown=0&style=natural
357,Bordurmah,Hodogen,Hodogen Seneschalty,Padamia,Grand Duchy of Padamia,Norse,Norse Forefathers,town,6218,301.74,512.44,-8.02,-123.42,6943,39°F,Reykjavik (Iceland),,,citadel,,,,,{t1:azure;charges:[{charge:bow;t:or;p:e;size:1.5}];shield:heater},https://watabou.github.io/city-generator/?name=Bordurmah&population=6218&size=26&seed=7531122100357&river=0&coast=0&farms=1&citadel=1&urban_castle=0&hub=0&plaza=0&greens=0&temple=0&walls=0&shantytown=0&style=natural
358,Ebunum,Vinerute,Vinerute Governorate,Viroval,Republic of Viroval,Romian,Ponstatra Deities,town,6753,1167.3,542.5,-13.77,38.87,30,63°F,Lisbon (Portugal),,,,,,,,{t1:pally-gules-argent-smaller;division:{division:perFess;t:or;line:straight};charges:[{charge:pincers;t:sable;p:k;size:0.7};{charge:billet;t:azure;p:n;size:0.7}];shield:roman},https://watabou.github.io/city-generator/?name=Ebunum&population=6753&size=27&seed=7531122100358&river=0&coast=0&farms=1&citadel=0&urban_castle=0&hub=0&plaza=0&greens=0&temple=0&walls=0&shantytown=0&style=natural
359,Anturga,Gorbogna,Gorbogna Parish,Casteleria,Divine Principality of Casteleria,Tallian,Vepar Pantheon,town,3319,1605.17,575.66,-20.12,120.97,266,59°F,Rome (Italy),,,,,,,,{t1:azure;division:{division:perBendSinister;t:argent;line:straight};charges:[{charge:anchor;t:or;p:jo;divided:counter;size:0.7}];shield:horsehead},https://watabou.github.io/city-generator/?name=Anturga&population=3319&size=20&seed=7531122100359&river=0&coast=0&farms=1&citadel=0&urban_castle=0&hub=0&plaza=0&greens=0&temple=0&walls=0&shantytown=0&style=natural
360,Phirostias,Parnia,Parnia Parish,Bhryreria,Patriarchate of Bhryreria,Elladan,Gourm Pantheon,town,7135,688.88,304.85,31.69,-50.84,161,41°F,Harbin (China),,,citadel,,,,,{t1:purpure;ordinaries:[{ordinary:fess;t:or;line:straight}];charges:[{charge:ramHeadErased;t:purpure;p:def;t2:purpure;t3:purpure;size:0.5}];shield:boeotian},https://watabou.github.io/city-generator/?name=Phirostias&population=7135&size=27&seed=7531122100360&river=0&coast=0&farms=1&citadel=1&urban_castle=1&hub=0&plaza=0&greens=0&temple=0&walls=0&shantytown=0&style=natural
361,Torva,Colia,Colia Parish,Casteleria,Divine Principality of Casteleria,Tallian,Vepar Pantheon,city,23294,1543.63,590.64,-22.98,109.43,52,61°F,Dubrovnik (Croatia),,,citadel,walls,,,,{t1:purpure;division:{division:perFess;t:or;line:embattledGhibellin};charges:[{charge:crocodile;t:argent;p:k;t2:argent;size:0.7};{charge:annulet;t:sable;p:n;size:0.7}];shield:horsehead},https://watabou.github.io/city-generator/?name=Torva&population=23294&size=43&seed=7531122100361&river=0&coast=0&farms=1&citadel=1&urban_castle=0&hub=0&plaza=0&greens=0&temple=0&walls=1&shantytown=0&style=natural
362,Gourgiphe,Gourgiphe,Gourgiphe Parish,Bhryreria,Patriarchate of Bhryreria,Elladan,Gourm Pantheon,city,14050,705.79,411.45,11.3,-47.66,52,64°F,Barcelona (Spain),,,,,,,,{t1:argent;charges:[{charge:spear;t:purpure;p:e;t2:sable;size:1.5}];shield:boeotian},https://watabou.github.io/city-generator/?name=Gourgiphe&population=14050&size=35&seed=7531122100362&river=0&coast=0&farms=1&citadel=0&urban_castle=0&hub=1&plaza=0&greens=0&temple=0&walls=0&shantytown=0&style=natural
363,Laolis,Laolis,Laolis Parish,Bhryreria,Patriarchate of Bhryreria,Elladan,Gourm Pantheon,town,7509,718.53,415.5,10.52,-45.28,82,64°F,Barcelona (Spain),,,,,,,,{t1:sable;ordinaries:[{ordinary:fess;t:or;line:straight}];charges:[{charge:pike;t:argent;p:abcz;t2:argent;size:0.5}];shield:boeotian},https://watabou.github.io/city-generator/?name=Laolis&population=7509&size=28&seed=7531122100363&river=0&coast=0&farms=1&citadel=0&urban_castle=0&hub=0&plaza=0&greens=0&temple=0&walls=0&shantytown=0&style=natural
364,Fhlaivaber,Flosaismoli,Flosaismoli County,Barolia,Principality of Barolia,Keltan,Keltan Spirits,town,2377,1656.73,420.09,9.64,130.64,1312,59°F,Rome (Italy),,,,,,,,{t1:argent;division:{division:perFess;t:purpure;line:firTrees};charges:[{charge:cock;t:azure;p:k;t2:azure;t3:azure;size:0.7};{charge:sword;t:or;p:n;size:0.7}];shield:oval},https://watabou.github.io/city-generator/?name=Fhlaivaber&population=2377&size=18&seed=7531122100364&river=0&coast=0&farms=1&citadel=0&urban_castle=0&hub=0&plaza=0&greens=0&temple=0&walls=0&shantytown=0&style=natural
365,Ebrandtnau,Ebrandtnau,Ebrandtnau Parish,Lalylisia,Exarchate of Lalylisia,Shwazen,Deities of the Enlightened Being,town,11139,570.32,297.61,33.07,-73.06,13,41°F,Harbin (China),,,,,,,,{t1:argent;charges:[{charge:apple;t:gules;p:e;t2:gules;size:1.5}];shield:swiss},https://watabou.github.io/city-generator/?name=Ebrandtnau&population=11139&size=32&seed=7531122100365&river=0&coast=0&farms=1&citadel=0&urban_castle=0&hub=0&plaza=0&greens=0&temple=0&walls=0&shantytown=0&style=natural
366,Vepietraro,Belia,Belia Parish,Casteleria,Divine Principality of Casteleria,Tallian,Vepar Pantheon,town,8173,1596.29,613.25,-27.31,119.3,266,54°F,Paris (France),,,,,,,,{t1:bendy-argent-azure;charges:[{charge:inescutcheon;t:gules;p:e;size:1.5};{charge:crossSaltire;t:argent;p:e;size:0.75}];shield:horsehead},https://watabou.github.io/city-generator/?name=Vepietraro&population=8173&size=29&seed=7531122100366&river=0&coast=0&farms=1&citadel=0&urban_castle=0&hub=0&plaza=0&greens=0&temple=0&walls=0&shantytown=0&style=natural
367,Llanve,Inach,Inach County,Arvicola,Arvicolan Empire,Keltan,Keltan Spirits,village,1840,1606.48,414.08,10.79,121.22,472,61°F,Dubrovnik (Croatia),,,,,,,,{t1:gules;ordinaries:[{ordinary:terrace;t:or;line:straight}];charges:[{charge:ramHeadErased;t:argent;p:e;t2:argent;t3:argent;size:1.5}];shield:oval},https://watabou.github.io/village-generator/?pop=1840&name=Llanve&seed=7531122100367&width=1600&height=780&style=default&tags=river%2Chighway%2Cfarmland%2Cno+square%2Cdense
368,Unolita,Ludequejar,Ludequejar County,Alverenia,Duchy of Alverenia,Astellian,Occultism of the Chief of Lightning,town,2476,242.91,642.26,-32.86,-134.45,1890,45°F,Montreal (Canada),,,,,,,,{t1:argent;division:{division:perBendSinister;t:vert;line:engrailed};charges:[{charge:maces;t:sable;p:e;t2:sable;size:1.5}];shield:spanish},https://watabou.github.io/city-generator/?name=Unolita&population=2476&size=18&seed=7531122100368&river=0&coast=0&farms=1&citadel=0&urban_castle=0&hub=0&plaza=0&greens=0&temple=0&walls=0&shantytown=0&style=natural
369,Bin Eneren,Enerdemeli,Enerdemeli Margrave,Esenkoryurt,Esenkoryurt Khaganate,Turchian,Turchian Spirits,city,18408,705.48,520.3,-9.53,-47.72,13,64°F,Barcelona (Spain),,,,,,,,{t1:vert;charges:[{charge:cannon;t:or;p:abc;t2:or;size:0.5}];shield:round},https://watabou.github.io/city-generator/?name=Bin+Eneren&population=18408&size=39&seed=7531122100369&river=0&coast=0&farms=1&citadel=0&urban_castle=0&hub=0&plaza=0&greens=0&temple=0&walls=0&shantytown=0&style=natural
370,Moutarville,Fercelles,Fercelles Margrave,Presia,Principality of Presia,Luari,Fercellesism,town,7880,380.26,345.03,24,-108.7,82,52°F,Antwerp (Belgium),,,,,,,,{t1:or;ordinaries:[{ordinary:pile;t:gules}];charges:[{charge:griffinPassant;t:or;p:b;t2:or;t3:or;size:0.5}];shield:french},https://watabou.github.io/city-generator/?name=Moutarville&population=7880&size=28&seed=7531122100370&river=1&coast=0&farms=1&citadel=0&urban_castle=0&hub=0&plaza=0&greens=0&temple=0&walls=0&shantytown=0&style=natural
371,Sulzheimen,Ebruckia,Ebruckia Margrave,Presia,Principality of Presia,Shwazen,Deities of the Enlightened Being,town,3134,499.23,345.36,23.94,-86.39,52,52°F,Antwerp (Belgium),,,,walls,,,,{t1:gules;ordinaries:[{ordinary:bendSinister;t:argent;line:straight}];charges:[{charge:archer;t:sable;p:lem;t2:sable;t3:argent;size:0.5}];shield:swiss},https://watabou.github.io/city-generator/?name=Sulzheimen&population=3134&size=20&seed=7531122100371&river=0&coast=0&farms=1&citadel=0&urban_castle=0&hub=0&plaza=0&greens=0&temple=0&walls=1&shantytown=0&style=natural
372,Leinapitrea,Exandria,Exandria Parish,Bhryreria,Patriarchate of Bhryreria,Elladan,Gourm Pantheon,village,1902,857.2,404.3,12.66,-19.28,13,63°F,Lisbon (Portugal),,,,,,,,{t1:gules;division:{division:perBend;t:argent;line:straight};charges:[{charge:hand;t:or;p:l;size:0.7};{charge:donkeyHeadCaboshed;t:azure;p:m;size:0.7}];shield:boeotian},https://watabou.github.io/village-generator/?pop=1902&name=Leinapitrea&seed=7531122100372&width=1600&height=780&style=default&tags=dead+end%2Cno+square%2Cdense
373,Marnorum,Marnorum,Marnorum Governorate,Viroval,Republic of Viroval,Romian,Ponstatra Deities,town,10472,1154.98,530.55,-11.49,36.56,554,63°F,Lisbon (Portugal),,port,,,,,,{t1:argent;charges:[{charge:crossHummetty;t:sable;p:jlh;size:0.7}];shield:roman},https://watabou.github.io/city-generator/?name=Marnorum&population=10472&size=31&seed=7531122100373&river=0&coast=1&farms=1&citadel=0&urban_castle=0&hub=0&plaza=0&greens=0&temple=0&walls=0&shantytown=0&style=natural&sea=0.9
374,Sarentonta,Marltonbeck,Marltonbeck Margrave,Lydonland,Kingdom of Lydonland,Angshire,Angshire Spirits,town,3774,1018.61,593.83,-23.59,10.99,210,57°F,Washington (D.C.),,,,,,,,{t1:chequy-azure-argent;division:{division:perPale;t:or;line:straight};ordinaries:[{ordinary:cross;t:argent;line:straight}];shield:wedged},https://watabou.github.io/city-generator/?name=Sarentonta&population=3774&size=21&seed=7531122100374&river=0&coast=0&farms=1&citadel=0&urban_castle=0&hub=0&plaza=0&greens=0&temple=0&walls=0&shantytown=0&style=natural
375,Banve,Banve,Banve County,Arvicola,Arvicolan Empire,Keltan,Keltan Spirits,town,6695,1533.88,411.52,11.28,107.6,1447,59°F,Rome (Italy),,,citadel,,,,,{t1:argent;charges:[{charge:crosier;t:gules;p:e;size:1.5}];shield:oval},https://watabou.github.io/city-generator/?name=Banve&population=6695&size=27&seed=7531122100375&river=0&coast=0&farms=1&citadel=1&urban_castle=0&hub=0&plaza=0&greens=0&temple=0&walls=0&shantytown=0&style=natural
376,Scidria,Taurilip,Taurilip Parish,Bhryreria,Patriarchate of Bhryreria,Elladan,Gourm Pantheon,town,4778,838.58,339.48,25.06,-22.77,118,52°F,Antwerp (Belgium),,,,,,,,{t1:gules;division:{division:perCross;t:or;line:engrailed};charges:[{charge:archer;t:argent;p:j;t2:argent;t3:argent;size:0.6};{charge:helmet;t:gules;p:l;size:0.6};{charge:hedgehog;t:sable;p:m;size:0.6};{charge:crown2;t:or;p:o;size:0.6}];shield:boeotian},https://watabou.github.io/city-generator/?name=Scidria&population=4778&size=23&seed=7531122100376&river=1&coast=0&farms=1&citadel=0&urban_castle=0&hub=0&plaza=0&greens=0&temple=0&walls=0&shantytown=0&style=natural
377,Posia,Empia,Empia Parish,Bhryreria,Patriarchate of Bhryreria,Elladan,Gourm Pantheon,town,4283,693.17,468.43,0.4,-50.03,52,66°F,Marrakesh (Morocco),,port,,,,,,{t1:bendy-azure-or-small;division:{division:perBend;t:argent;line:straight};ordinaries:[{ordinary:pale;t:vert;line:straight}];shield:boeotian},https://watabou.github.io/city-generator/?name=Posia&population=4283&size=22&seed=7531122100377&river=0&coast=1&farms=1&citadel=0&urban_castle=0&hub=0&plaza=0&greens=0&temple=0&walls=0&shantytown=0&style=natural&sea=1.66
378,Numandedes,Temblerala,Temblerala Seneschalty,Padamia,Grand Duchy of Padamia,Astellian,Occultism of the Chief of Lightning,town,2311,212.84,511.95,-7.93,-140.09,30,64°F,Barcelona (Spain),,port,,,,,,{t1:gules;charges:[{charge:skeleton;t:or;p:e;size:1.5}];shield:spanish},https://watabou.github.io/city-generator/?name=Numandedes&population=2311&size=18&seed=7531122100378&river=1&coast=1&farms=1&citadel=0&urban_castle=0&hub=1&plaza=0&greens=0&temple=0&walls=0&shantytown=0&style=natural&sea=0.49
379,Briloviorum,Leveverodu,Leveverodu Governorate,Viroval,Republic of Viroval,Romian,Ponstatra Deities,town,2822,1554.6,731.1,-49.85,111.49,397,32°F,Murmansk (Russia),,,citadel,walls,,,,{t1:argent;charges:[{charge:sickle;t:sable;p:e;t2:sable;size:1.5}];shield:roman},https://watabou.github.io/city-generator/?name=Briloviorum&population=2822&size=19&seed=7531122100379&river=0&coast=0&farms=0&citadel=1&urban_castle=0&hub=0&plaza=0&greens=0&temple=0&walls=1&shantytown=0&style=natural
380,Zambra,Baria,Baria County,Beytekyurt,Beytekyurt Horde,Euskati,Euskati Ancestors,village,1211,468.6,741.7,-51.88,-92.14,472,32°F,Murmansk (Russia),,,,,,,,{t1:gules;division:{division:perBend;t:argent;line:enclavy};charges:[{charge:scrollClosed;t:or;p:l;t2:or;size:0.7};{charge:stagLodgedRegardant;t:azure;p:m;size:0.7}];shield:oldFrench},https://watabou.github.io/village-generator/?pop=1211&name=Zambra&seed=7531122100380&width=1400&height=683&style=snow&tags=dead+end%2Cuncultivated%2Cno+orchards%2Cno+square%2Cdense
381,Senos,Bytheta,Bytheta Deanery,Ecelia,Eparchy of Ecelia,Elladan,Gourm Pantheon,village,1907,628.2,508.2,-7.21,-62.21,82,66°F,Marrakesh (Morocco),,,,,,,,{t1:pally-or-vert;charges:[{charge:maces;t:purpure;p:e;t2:gules;size:1.5}];shield:boeotian},https://watabou.github.io/village-generator/?pop=1907&name=Senos&seed=7531122100381&width=1600&height=780&style=default&tags=highway%2Cfarmland%2Cno+square%2Cdense
382,Bellejagor,Bellejagor,Bellejagor Parish,Casteleria,Divine Principality of Casteleria,Tallian,Vepar Pantheon,town,8461,1625.2,609.58,-26.6,124.72,82,57°F,Washington (D.C.),,port,citadel,,,,,{t1:azure;division:{division:perPale;t:argent;line:straight};ordinaries:[{ordinary:pile;t:or}];shield:horsehead},https://watabou.github.io/city-generator/?name=Bellejagor&population=8461&size=29&seed=7531122100382&river=0&coast=1&farms=1&citadel=1&urban_castle=1&hub=1&plaza=0&greens=0&temple=0&walls=0&shantytown=0&style=natural&sea=1.89
383,Foncerzo,Nescanolia,Nescanolia Parish,Sampi,Brotherhood of Sampi,Tallian,Sgurcelan Deities,village,1878,1185.02,316.47,29.46,42.19,472,45°F,Montreal (Canada),,,,,,,,{t1:semy_of_mascle-argent-sable;division:{division:perCross;t:purpure;line:straight};ordinaries:[{ordinary:pilesInPoint;t:vert}];shield:horsehead},https://watabou.github.io/village-generator/?pop=1878&name=Foncerzo&seed=7531122100383&width=1600&height=780&style=default&tags=river%2Cdead+end%2Cno+square%2Cdense
384,Ordikyurt,Azyolkaneli,Azyolkaneli Earldom,Esenkoryurt,Esenkoryurt Khaganate,Turchian,Turchian Spirits,town,2384,757.12,532.94,-11.94,-38.04,82,64°F,Barcelona (Spain),,,,,,,,{t1:argent;division:{division:perSaltire;t:azure};charges:[{charge:anvil;t:gules;p:b;size:0.5};{charge:rake;t:argent;p:d;size:0.5};{charge:crossBottony;t:argent;p:f;size:0.5};{charge:griffinRampant;t:gules;p:h;size:0.5;sinister:1}];shield:round},https://watabou.github.io/city-generator/?name=Ordikyurt&population=2384&size=18&seed=7531122100384&river=0&coast=0&farms=1&citadel=0&urban_castle=0&hub=1&plaza=0&greens=0&temple=0&walls=0&shantytown=0&style=natural
385,Piana,Piana,Piana Parish,Casteleria,Divine Principality of Casteleria,Tallian,Vepar Pantheon,town,6566,1560.16,573.14,-19.63,112.53,161,61°F,Dubrovnik (Croatia),,,,,,,,{t1:plumetty-argent-sable;division:{division:perPale;t:gules;line:straight};ordinaries:[{ordinary:pall;t:vert}];shield:horsehead},https://watabou.github.io/city-generator/?name=Piana&population=6566&size=26&seed=7531122100385&river=1&coast=0&farms=1&citadel=0&urban_castle=0&hub=0&plaza=0&greens=0&temple=0&walls=0&shantytown=0&style=natural
386,Geliateto,Caltaure,Caltaure Province,Viroval,Republic of Viroval,Romian,Ponstatra Deities,village,1766,1138.75,450.31,3.86,33.52,210,66°F,Marrakesh (Morocco),,,,,,,,{t1:or;charges:[{charge:cavalier;t:gules;p:e;t2:gules;t3:gules;size:1.5}];shield:roman},https://watabou.github.io/village-generator/?pop=1766&name=Geliateto&seed=7531122100386&width=1600&height=780&style=default&tags=highway%2Cno+square%2Cdense
387,Anderoyri,Hodogen,Hodogen Seneschalty,Padamia,Grand Duchy of Padamia,Norse,Norse Forefathers,town,7043,319.2,512.36,-8.01,-120.15,6644,39°F,Reykjavik (Iceland),,,,,,,,{t1:gules;charges:[{charge:ramHeadErased;t:argent;p:e;t2:argent;t3:argent;size:1.5}];shield:heater},https://watabou.github.io/city-generator/?name=Anderoyri&population=7043&size=27&seed=7531122100387&river=0&coast=0&farms=0&citadel=0&urban_castle=0&hub=0&plaza=0&greens=0&temple=0&walls=0&shantytown=0&style=natural
388,Afredrignale,Giumia,Giumia Barony,Arvicola,Arvicolan Empire,Tallian,Tallian Spirits,town,5607,1413.9,475.27,-0.91,85.11,840,61°F,Dubrovnik (Croatia),,,,,,,,{t1:argent;charges:[{charge:hourglass;t:purpure;p:e;t2:purpure;t3:purpure;size:1.5}];shield:horsehead},https://watabou.github.io/city-generator/?name=Afredrignale&population=5607&size=25&seed=7531122100388&river=1&coast=0&farms=1&citadel=0&urban_castle=0&hub=0&plaza=0&greens=0&temple=0&walls=0&shantytown=0&style=natural
389,Caneategio,Ulpiatu,Ulpiatu Governorate,Viroval,Republic of Viroval,Romian,Ponstatra Deities,village,1446,1216.67,608.47,-26.39,48.13,948,50°F,London (England),,,,,,,,{t1:vert;ordinaries:[{ordinary:pale;t:argent;line:wavy}];charges:[{charge:shield;t:gules;p:e;t2:or;size:0.7}];shield:roman},https://watabou.github.io/village-generator/?pop=1446&name=Caneategio&seed=7531122100389&width=1400&height=683&style=default&tags=highway%2Cno+square%2Cdense
390,Brethe,Garebia,Garebia County,Lydonland,Kingdom of Lydonland,Angshire,Angshire Spirits,town,6501,1129.89,755.7,-54.55,31.85,52,30°F,Nuuk (Greenland),,port,,,,,,{t1:or;charges:[{charge:swanErased;t:sable;p:e;t2:azure;t3:sable;size:1.5}];shield:wedged},https://watabou.github.io/city-generator/?name=Brethe&population=6501&size=26&seed=7531122100390&river=1&coast=1&farms=0&citadel=0&urban_castle=0&hub=0&plaza=0&greens=0&temple=0&walls=0&shantytown=0&style=natural
391,Fiubiagosta,Cicterra,Cicterra Deanery,Casteleria,Divine Principality of Casteleria,Tallian,Vepar Pantheon,town,11534,1548.91,587.41,-22.36,110.42,52,61°F,Dubrovnik (Croatia),,port,,walls,,,,{t1:sable;ordinaries:[{ordinary:bendlet;t:argent;line:straight}];charges:[{charge:escallop;t:purpure;p:joe;size:0.3}];shield:horsehead},https://watabou.github.io/city-generator/?name=Fiubiagosta&population=11534&size=33&seed=7531122100391&river=1&coast=1&farms=1&citadel=0&urban_castle=0&hub=1&plaza=0&greens=0&temple=0&walls=1&shantytown=0&style=natural
392,Aber,Aber,Aber Earldom,Arvicola,Arvicolan Empire,Keltan,Keltan Spirits,town,3988,1600.51,388.15,15.75,120.1,948,57°F,Washington (D.C.),,,,,,,,{t1:or;division:{division:perChevronReversed;t:ermine-argent-sable;line:wavy};charges:[{charge:drawingCompass;t:azure;p:dfh;size:0.5}];shield:oval},https://watabou.github.io/city-generator/?name=Aber&population=3988&size=22&seed=7531122100392&river=1&coast=0&farms=1&citadel=0&urban_castle=0&hub=0&plaza=0&greens=0&temple=0&walls=0&shantytown=0&style=natural
393,Albover,Sonelia,Sonelia Margrave,Lydonland,Kingdom of Lydonland,Angshire,Angshire Spirits,town,5619,1042.79,659.56,-36.16,15.52,554,45°F,Montreal (Canada),,,,,,,,{t1:chequy-azure-argent;ordinaries:[{ordinary:terrace;t:or;line:straight}];shield:wedged},https://watabou.github.io/city-generator/?name=Albover&population=5619&size=25&seed=7531122100393&river=0&coast=0&farms=1&citadel=0&urban_castle=0&hub=0&plaza=0&greens=0&temple=0&walls=0&shantytown=0&style=natural
394,Monzanorio,Dombrabia,Dombrabia Shire,Tiszalgaria,Kingdom of Tiszalgaria,Tallian,Tallian Spirits,village,1050,1348.34,480.94,-2,72.81,2392,57°F,Washington (D.C.),,,,,,,,{t1:pappellony2-argent-vert;division:{division:perChevron;t:gules;line:straight};ordinaries:[{ordinary:gemelle;t:azure;line:straight}];shield:horsehead},https://watabou.github.io/village-generator/?pop=1050&name=Monzanorio&seed=7531122100394&width=1400&height=683&style=default&tags=dead+end%2Cno+square%2Cdense
395,Buclifton,Retford,Retford Barony,Lydonland,Kingdom of Lydonland,Angshire,Angshire Spirits,town,11963,995.93,574.92,-19.97,6.74,52,61°F,Dubrovnik (Croatia),,,,walls,,,,{t1:azure;charges:[{charge:grapeBunch;t:or;p:def;t2:or;t3:or;size:0.5}];shield:wedged},https://watabou.github.io/city-generator/?name=Buclifton&population=11963&size=33&seed=7531122100395&river=0&coast=0&farms=1&citadel=0&urban_castle=0&hub=0&plaza=0&greens=0&temple=0&walls=1&shantytown=0&style=natural
396,Poilmiers,Ernoy,Ernoy Parish,Piereia,Bishopric of Piereia,Luari,Fercellesism,village,1090,341.03,361.68,20.82,-116.06,738,52°F,Antwerp (Belgium),,,,walls,,,,{t1:argent;division:{division:perPale;t:sable;line:raguly};charges:[{charge:pot;t:azure;p:p;size:0.7};{charge:crossJerusalem;t:argent;p:q;size:0.7}];shield:french},https://watabou.github.io/village-generator/?pop=1090&name=Poilmiers&seed=7531122100396&width=1400&height=683&style=default&tags=dead+end%2Cfarmland%2Cno+square%2Cpalisade%2Cdense
397,Thernia,Musis,Musis Parish,Lalylisia,Exarchate of Lalylisia,Elladan,Gourm Pantheon,town,2418,539.62,498.87,-5.43,-78.82,1736,59°F,Rome (Italy),,,,,,,,{t1:bendySinister-argent-gules;division:{division:perCross;t:sable;line:straight};ordinaries:[{ordinary:pilesInPoint;t:azure}];shield:boeotian},https://watabou.github.io/city-generator/?name=Thernia&population=2418&size=18&seed=7531122100397&river=0&coast=0&farms=1&citadel=0&urban_castle=0&hub=1&plaza=0&greens=0&temple=0&walls=0&shantytown=0&style=natural
398,Imbdebairi,Rhameia,Rhameia Parish,Lalylisia,Exarchate of Lalylisia,Elladan,Gourm Pantheon,town,10895,571.27,437.44,6.32,-72.89,397,64°F,Barcelona (Spain),,,,,,,,{t1:vert;ordinaries:[{ordinary:orle;t:or}];charges:[{charge:crossHummetty;t:argent;p:e;size:1.1}];shield:boeotian},https://watabou.github.io/city-generator/?name=Imbdebairi&population=10895&size=32&seed=7531122100398&river=0&coast=0&farms=1&citadel=0&urban_castle=0&hub=0&plaza=0&greens=0&temple=0&walls=0&shantytown=0&style=natural
399,Lutewensey,Garebia,Garebia County,Lydonland,Kingdom of Lydonland,Angshire,Angshire Spirits,town,2382,1206.4,776.3,-58.5,46.2,82,28°F,Fairbanks (Alaska),,,,,,,,{t1:sable;charges:[{charge:dove;t:argent;p:e;t2:argent;size:1.5}];shield:wedged},https://watabou.github.io/city-generator/?name=Lutewensey&population=2382&size=18&seed=7531122100399&river=0&coast=0&farms=0&citadel=0&urban_castle=0&hub=0&plaza=0&greens=0&temple=0&walls=0&shantytown=0&style=natural
400,Tuusjarvo,Upun,Upun Parish,Casteleria,Divine Principality of Casteleria,Soumi,Vepar Pantheon,town,10617,1627.45,705.78,-45.01,125.15,52,37°F,Tromsø (Norway),,,citadel,,,,,{t1:gules;division:{division:perCross;t:argent;line:straight};charges:[{charge:dove;t:argent;p:e;t2:or;divided:counter;size:1.5}];shield:pavise},https://watabou.github.io/city-generator/?name=Tuusjarvo&population=10617&size=32&seed=7531122100400&river=0&coast=0&farms=1&citadel=1&urban_castle=1&hub=0&plaza=0&greens=0&temple=0&walls=0&shantytown=0&style=natural
401,Cere,Serteki,Serteki Margrave,Esenkoryurt,Esenkoryurt Khaganate,Turchian,Turchian Spirits,village,1372,665.26,593.91,-23.61,-55.26,161,57°F,Washington (D.C.),,port,,,,,,{t1:or;charges:[{charge:armEmbowedVambraced;t:vert;p:abcpqh;size:0.5}];shield:round},https://watabou.github.io/village-generator/?pop=1372&name=Cere&seed=7531122100401&width=1400&height=683&style=default&tags=coast%2Chighway%2Cno+square%2Cdense
402,Awerugwigion,Awerugwigion,Awerugwigion Margrave,Arvicola,Arvicolan Empire,Keltan,Keltan Spirits,town,10875,1462.06,392.14,14.99,94.14,1588,57°F,Washington (D.C.),,,,,,,,{t1:or;ordinaries:[{ordinary:bordure;t:vert}];charges:[{charge:scythe;t:vert;p:e;t2:vert;size:1.1}];shield:oval},https://watabou.github.io/city-generator/?name=Awerugwigion&population=10875&size=32&seed=7531122100402&river=0&coast=0&farms=1&citadel=0&urban_castle=0&hub=0&plaza=0&greens=0&temple=0&walls=0&shantytown=0&style=natural
403,Sajosaakiai,Upun,Upun Parish,Casteleria,Divine Principality of Casteleria,Soumi,Vepar Pantheon,village,1126,1633.66,675.88,-39.29,126.31,52,43°F,Stockholm (Sweden),,,,,,,,{t1:argent;ordinaries:[{ordinary:fessCotissed;t:gules;line:potentySinister}];charges:[{charge:compassRose;t:or;p:def;size:0.5}];shield:pavise},https://watabou.github.io/village-generator/?pop=1126&name=Sajosaakiai&seed=7531122100403&width=1400&height=683&style=default&tags=highway%2Cno+square%2Cdense
404,Bulontarvau,Monthivevia,Monthivevia County,Presia,Principality of Presia,Luari,Fercellesism,town,5999,469.47,328.69,27.13,-91.97,30,50°F,London (England),,port,,,,,,{t1:argent;charges:[{charge:escallop;t:purpure;p:e;size:1.5}];shield:french},https://watabou.github.io/city-generator/?name=Bulontarvau&population=5999&size=25&seed=7531122100404&river=0&coast=1&farms=1&citadel=0&urban_castle=0&hub=1&plaza=0&greens=0&temple=0&walls=0&shantytown=0&style=natural&sea=0.11
405,Salafold,Duzeszadi,Duzeszadi Shire,Tiszalgaria,Kingdom of Tiszalgaria,Vengrian,Gods of the Sapphire Numen,town,3926,1226.83,540.05,-13.3,50.03,266,63°F,Lisbon (Portugal),,,,,,,,{t1:gules;charges:[{charge:spear;t:or;p:abc;t2:or;size:0.5}];shield:horsehead2},https://watabou.github.io/city-generator/?name=Salafold&population=3926&size=22&seed=7531122100405&river=1&coast=0&farms=1&citadel=0&urban_castle=0&hub=0&plaza=0&greens=0&temple=0&walls=0&shantytown=0&style=natural
406,Palompiliano,Cermiasia,Cermiasia Deanery,Sampi,Brotherhood of Sampi,Tallian,Tallian Spirits,village,1848,1039.36,277.74,36.87,14.88,52,36°F,Anchorage (Alaska),,,,,,,,{t1:azure;division:{division:gyronny;t:argent};charges:[{charge:triangle;t:or;p:e;divided:counter;size:1.5}];shield:horsehead},https://watabou.github.io/village-generator/?pop=1848&name=Palompiliano&seed=7531122100406&width=1600&height=780&style=snow&tags=isolated%2Cuncultivated%2Cno+square%2Cdense
407,Qubercelle,Ruan,Ruan Parish,Piereia,Bishopric of Piereia,Luari,Fercellesism,town,3015,223.2,444.5,4.97,-138.15,52,66°F,Marrakesh (Morocco),,,,,,,,{t1:argent;ordinaries:[{ordinary:piles;t:purpure}];charges:[{charge:duck;t:gules;p:e;t2:gules;t3:gules;size:1.5}];shield:french},https://watabou.github.io/city-generator/?name=Qubercelle&population=3015&size=20&seed=7531122100407&river=0&coast=0&farms=1&citadel=0&urban_castle=0&hub=0&plaza=0&greens=0&temple=0&walls=0&shantytown=0&style=natural
408,Alletanoli,Ponania,Ponania Parish,Casteleria,Divine Principality of Casteleria,Tallian,Vepar Pantheon,village,1135,1609.98,560.99,-17.31,121.87,472,61°F,Dubrovnik (Croatia),,,,,,,,{t1:sable;ordinaries:[{ordinary:chief;t:argent;line:straight}];shield:horsehead},https://watabou.github.io/village-generator/?pop=1135&name=Alletanoli&seed=7531122100408&width=1400&height=683&style=default&tags=highway%2Cno+square%2Cdense
409,Bobasi,Adi,Adi Margrave,Esenkoryurt,Esenkoryurt Khaganate,Turchian,Turchian Spirits,village,956,727.91,639.02,-32.24,-43.52,738,50°F,London (England),,,,,,,,{t1:argent;charges:[{charge:armillarySphere;t:azure;p:e;size:1.5}];shield:round},https://watabou.github.io/village-generator/?pop=956&name=Bobasi&seed=7531122100409&width=1000&height=488&style=default&tags=dead+end%2Cno+square%2Cdense
410,Amphos,Gourgiphe,Gourgiphe Parish,Bhryreria,Patriarchate of Bhryreria,Elladan,Gourm Pantheon,village,1655,682.93,424.75,8.75,-51.95,52,64°F,Barcelona (Spain),,,,,,,,{t1:gules;charges:[{charge:mullet6;t:or;p:e;size:1.5}];shield:boeotian},https://watabou.github.io/village-generator/?pop=1655&name=Amphos&seed=7531122100410&width=1600&height=780&style=default&tags=dead+end%2Cno+square%2Cdense
411,Pydros,Depiosia,Depiosia Parish,Lalylisia,Exarchate of Lalylisia,Elladan,Gourm Pantheon,town,12714,531.46,505,-6.6,-80.35,2953,55°F,Milan (Italy),,,citadel,,,,,{t1:vairAncien-argent-vert;division:{division:perFess;t:purpure;line:straight};ordinaries:[{ordinary:fess;t:azure;line:straight}];shield:boeotian},https://watabou.github.io/city-generator/?name=Pydros&population=12714&size=34&seed=7531122100411&river=0&coast=0&farms=1&citadel=1&urban_castle=0&hub=0&plaza=0&greens=0&temple=0&walls=0&shantytown=0&style=natural
412,Cytromecena,Empia,Empia Parish,Bhryreria,Patriarchate of Bhryreria,Elladan,Gourm Pantheon,town,2667,693.54,452.07,3.53,-49.96,210,66°F,Marrakesh (Morocco),,,,,,,,{t1:gules;charges:[{charge:stirrup;t:argent;p:abc;t2:argent;size:0.5}];shield:boeotian},https://watabou.github.io/city-generator/?name=Cytromecena&population=2667&size=19&seed=7531122100412&river=0&coast=0&farms=1&citadel=0&urban_castle=0&hub=0&plaza=0&greens=0&temple=0&walls=0&shantytown=0&style=natural
413,Betoria,Bondetia,Bondetia Province,Viroval,Republic of Viroval,Romian,Ponstatra Deities,town,7637,1115.4,439.4,5.95,29.14,82,66°F,Marrakesh (Morocco),,,,,,,,{t1:argent;ordinaries:[{ordinary:point;t:sable}];charges:[{charge:deerHeadCaboshed;t:sable;p:bdf;t2:azure;size:0.5}];shield:roman},https://watabou.github.io/city-generator/?name=Betoria&population=7637&size=28&seed=7531122100413&river=0&coast=0&farms=1&citadel=0&urban_castle=0&hub=0&plaza=0&greens=0&temple=0&walls=0&shantytown=0&style=natural
414,Kokoguzte,Baharyurt,Baharyurt Earldom,Esenkoryurt,Esenkoryurt Khaganate,Turchian,Turchian Spirits,town,11204,730.87,511.5,-7.84,-42.96,52,64°F,Barcelona (Spain),,,,,,,,{t1:argent;ordinaries:[{ordinary:chevron;t:gules}];shield:round},https://watabou.github.io/city-generator/?name=Kokoguzte&population=11204&size=32&seed=7531122100414&river=0&coast=0&farms=1&citadel=0&urban_castle=0&hub=0&plaza=0&greens=0&temple=0&walls=0&shantytown=0&style=natural
415,Braquenna,Tartius,Tartius Parish,Sampi,Brotherhood of Sampi,Romian,Sgurcelan Deities,town,8212,1150.25,398.13,13.84,35.67,52,63°F,Lisbon (Portugal),,,,,,,,{t1:gules;charges:[{charge:buckle;t:argent;p:jln;size:0.7}];shield:roman},https://watabou.github.io/city-generator/?name=Braquenna&population=8212&size=29&seed=7531122100415&river=0&coast=0&farms=1&citadel=0&urban_castle=0&hub=0&plaza=0&greens=0&temple=0&walls=0&shantytown=0&style=natural
416,Triton,Kourionia,Kourionia Parish,Lalylisia,Exarchate of Lalylisia,Elladan,Gourm Pantheon,town,6653,575.85,384.18,16.51,-72.03,328,59°F,Rome (Italy),,,,,,,,{t1:purpure;charges:[{charge:tower;t:or;p:abc;t2:or;size:0.5}];shield:boeotian},https://watabou.github.io/city-generator/?name=Triton&population=6653&size=27&seed=7531122100416&river=0&coast=0&farms=1&citadel=0&urban_castle=0&hub=0&plaza=0&greens=0&temple=0&walls=0&shantytown=0&style=natural
417,Kyriaras,Kyriaras,Kyriaras Parish,Bhryreria,Patriarchate of Bhryreria,Elladan,Gourm Pantheon,town,7837,831.76,299.91,32.63,-24.05,161,41°F,Harbin (China),,,,,,,,{t1:masoned-purpure-or;division:{division:perCross;t:argent;line:straight};ordinaries:[{ordinary:crossParted;t:azure;line:straight}];shield:boeotian},https://watabou.github.io/city-generator/?name=Kyriaras&population=7837&size=28&seed=7531122100417&river=0&coast=0&farms=1&citadel=0&urban_castle=0&hub=0&plaza=0&greens=0&temple=0&walls=0&shantytown=0&style=natural
418,Rheilertal,Fornautach,Fornautach Parish,Lalylisia,Exarchate of Lalylisia,Shwazen,Deities of the Enlightened Being,village,1112,575.81,346.79,23.66,-72.04,328,50°F,London (England),,,,,,,,{t1:sable;ordinaries:[{ordinary:fess;t:argent;line:straight}];charges:[{charge:armEmbowedHoldingSabre;t:argent;p:abc;t2:argent;t3:or;size:0.5}];shield:swiss},https://watabou.github.io/village-generator/?pop=1112&name=Rheilertal&seed=7531122100418&width=1400&height=683&style=default&tags=highway%2Cno+square%2Cdense
419,Anvers,Flosaismoli,Flosaismoli County,Barolia,Principality of Barolia,Keltan,Keltan Spirits,town,5723,1676.98,431.71,7.42,134.43,2392,57°F,Washington (D.C.),,,,,,,,{t1:purpure;charges:[{charge:duck;t:or;p:e;t2:or;t3:or;size:1.5}];shield:oval},https://watabou.github.io/city-generator/?name=Anvers&population=5723&size=25&seed=7531122100419&river=0&coast=0&farms=1&citadel=0&urban_castle=0&hub=0&plaza=0&greens=0&temple=0&walls=0&shantytown=0&style=natural
420,Tydoniacos,Depiosia,Depiosia Parish,Lalylisia,Exarchate of Lalylisia,Elladan,Gourm Pantheon,town,6241,480.16,511.98,-7.93,-89.97,4019,50°F,London (England),,,,,,,,{t1:vert;ordinaries:[{ordinary:fess;t:or;line:raguly}];charges:[{charge:inescutcheon;t:gules;p:def;size:0.5};{charge:triangle;t:or;p:def;size:0.25}];shield:boeotian},https://watabou.github.io/city-generator/?name=Tydoniacos&population=6241&size=26&seed=7531122100420&river=0&coast=0&farms=1&citadel=0&urban_castle=0&hub=0&plaza=0&greens=0&temple=0&walls=0&shantytown=0&style=natural
421,Estolis,Foreiraran,Foreiraran Barony,Barolia,Principality of Barolia,Portuzian,Chaminta Pantheon,town,7254,1672.59,460.77,1.86,133.61,643,64°F,Barcelona (Spain),,,citadel,,,,,{t1:azure;division:{division:perCross;t:argent;line:bevilled};charges:[{charge:crossClechy;t:or;p:j;size:0.6}];shield:renaissance},https://watabou.github.io/city-generator/?name=Estolis&population=7254&size=27&seed=7531122100421&river=1&coast=0&farms=1&citadel=1&urban_castle=0&hub=0&plaza=0&greens=0&temple=0&walls=0&shantytown=0&style=natural
422,Tocea,Naucreia,Naucreia Parish,Lalylisia,Exarchate of Lalylisia,Elladan,Gourm Pantheon,town,8630,600.26,383.75,16.59,-67.45,161,61°F,Dubrovnik (Croatia),,,,,,,,{t1:gules;division:{division:perFess;t:argent;line:raguly};charges:[{charge:crossHummetty;t:or;p:k;size:0.7};{charge:sun;t:azure;p:n;size:0.7}];shield:boeotian},https://watabou.github.io/city-generator/?name=Tocea&population=8630&size=29&seed=7531122100422&river=1&coast=0&farms=1&citadel=0&urban_castle=0&hub=0&plaza=0&greens=0&temple=0&walls=0&shantytown=0&style=natural
423,Fitorchiano,Ciampagnano,Ciampagnano County,Arvicola,Arvicolan Empire,Tallian,Tallian Spirits,town,4772,1421,487.26,-3.21,86.44,840,61°F,Dubrovnik (Croatia),,,,,,,,{t1:vert;division:{division:perFess;t:argent;line:straight};ordinaries:[{ordinary:chevronReversed;t:or;divided:field}];shield:horsehead},https://watabou.github.io/city-generator/?name=Fitorchiano&population=4772&size=23&seed=7531122100423&river=1&coast=0&farms=1&citadel=0&urban_castle=0&hub=0&plaza=0&greens=0&temple=0&walls=0&shantytown=0&style=natural
424,Vilbium,Bora,Bora Governorate,Viroval,Republic of Viroval,Romian,Ponstatra Deities,town,9422,1098.02,436.85,6.44,25.88,30,66°F,Marrakesh (Morocco),,port,,,,,,{t1:vert;ordinaries:[{ordinary:pile;t:argent}];charges:[{charge:caravel;t:sable;p:b;t2:sable;t3:sable;size:0.5}];shield:roman},https://watabou.github.io/city-generator/?name=Vilbium&population=9422&size=30&seed=7531122100424&river=0&coast=1&farms=1&citadel=0&urban_castle=0&hub=0&plaza=0&greens=0&temple=0&walls=0&shantytown=0&style=natural&sea=0.84
425,Bodurorio,Ascria,Ascria Governorate,Viroval,Republic of Viroval,Romian,Ponstatra Deities,town,5338,1491.3,673.1,-38.75,99.62,397,45°F,Montreal (Canada),,,,,,,,{t1:or;division:{division:perPale;t:sable;line:invecked};charges:[{charge:fleurDeLis;t:or;p:ABCDEFGHIJKL;t2:or;size:0.18};{charge:mallet;t:gules;p:e;size:1.5}];shield:roman},https://watabou.github.io/city-generator/?name=Bodurorio&population=5338&size=24&seed=7531122100425&river=0&coast=0&farms=1&citadel=0&urban_castle=0&hub=0&plaza=0&greens=0&temple=0&walls=0&shantytown=0&style=natural
426,Dumangurte,Gakarkeli,Gakarkeli Deanery,Ecelia,Eparchy of Ecelia,Turchian,Turchian Spirits,town,10729,645.9,521.3,-9.72,-58.89,52,64°F,Barcelona (Spain),,,,,,,,{t1:or;charges:[{charge:crossBurgundy;t:sable;p:abc;size:0.5}];shield:round},https://watabou.github.io/city-generator/?name=Dumangurte&population=10729&size=32&seed=7531122100426&river=0&coast=0&farms=1&citadel=0&urban_castle=0&hub=0&plaza=0&greens=0&temple=0&walls=0&shantytown=0&style=natural
427,Eren,Azyolkaneli,Azyolkaneli Earldom,Esenkoryurt,Esenkoryurt Khaganate,Turchian,Turchian Spirits,village,860,710.93,560.45,-17.21,-46.7,397,61°F,Dubrovnik (Croatia),,,,,,,,{t1:argent;charges:[{charge:mascle;t:purpure;p:df;size:0.5}];shield:round},https://watabou.github.io/village-generator/?pop=860&name=Eren&seed=7531122100427&width=1000&height=488&style=default&tags=isolated%2Cno+square%2Cdense
428,Freaugen,Vinoubervauzy,Vinoubervauzy County,Presia,Principality of Presia,Luari,Fercellesism,village,1064,448.42,352.16,22.64,-95.92,30,55°F,Milan (Italy),,,,,,,,{t1:purpure;charges:[{charge:key;t:or;p:jeo;size:0.5}];shield:french},https://watabou.github.io/village-generator/?pop=1064&name=Freaugen&seed=7531122100428&width=1400&height=683&style=default&tags=river%2Cdead+end%2Cno+square%2Cdense
429,Ampsacos,Exandria,Exandria Parish,Bhryreria,Patriarchate of Bhryreria,Elladan,Gourm Pantheon,town,4032,856.9,419.1,9.83,-19.33,30,64°F,Barcelona (Spain),,,,,,,,{t1:gules;ordinaries:[{ordinary:cross;t:argent;line:escartely}];charges:[{charge:anvil;t:gules;p:beh;size:0.3}];shield:boeotian},https://watabou.github.io/city-generator/?name=Ampsacos&population=4032&size=22&seed=7531122100429&river=0&coast=0&farms=1&citadel=0&urban_castle=0&hub=0&plaza=0&greens=0&temple=0&walls=0&shantytown=0&style=natural
430,Certecorce,Pattefiapen,Pattefiapen Barony,Arvicola,Arvicolan Empire,Tallian,Tallian Spirits,village,1106,1576.28,494.44,-4.58,115.55,1447,61°F,Dubrovnik (Croatia),,,,,,,,{t1:purpure;ordinaries:[{ordinary:point;t:argent}];shield:horsehead},https://watabou.github.io/village-generator/?pop=1106&name=Certecorce&seed=7531122100430&width=1400&height=683&style=default&tags=highway%2Cno+square%2Cdense
431,Ela,Sondioain,Sondioain County,Erantzia,Kingdom of Erantzia,Euskati,Euskati Ancestors,town,4109,458.31,632.66,-31.02,-94.07,2392,45°F,Montreal (Canada),,,,,,,,{t1:pally-sable-or;division:{division:perFess;t:argent;line:straight};ordinaries:[{ordinary:pilesInPoint;t:azure}];shield:oldFrench},https://watabou.github.io/city-generator/?name=Ela&population=4109&size=22&seed=7531122100431&river=0&coast=0&farms=0&citadel=0&urban_castle=0&hub=0&plaza=0&greens=0&temple=0&walls=0&shantytown=0&style=natural
432,Guiniareata,Spercelfia,Spercelfia Earldom,Arvicola,Arvicolan Empire,Tallian,Tallian Spirits,city,13217,1509.56,536.27,-12.58,103.04,738,63°F,Lisbon (Portugal),,,,,,,,{t1:gules;ordinaries:[{ordinary:orle;t:argent}];charges:[{charge:millstone;t:or;p:e;size:1.1}];shield:horsehead},https://watabou.github.io/city-generator/?name=Guiniareata&population=13217&size=34&seed=7531122100432&river=0&coast=0&farms=1&citadel=0&urban_castle=0&hub=1&plaza=0&greens=0&temple=0&walls=0&shantytown=0&style=natural
433,Farigloy,Boria,Boria County,Presia,Principality of Presia,Luari,Fercellesism,village,1809,461.81,450.59,3.81,-93.41,1890,57°F,Washington (D.C.),,,,,,,,{t1:argent;division:{division:perFess;t:azure;line:straight};charges:[{charge:bridge;t:sable;p:k;size:0.7};{charge:thistle;t:or;p:n;size:0.7}];shield:french},https://watabou.github.io/village-generator/?pop=1809&name=Farigloy&seed=7531122100433&width=1600&height=780&style=default&tags=highway%2Cno+square%2Cdense
434,Lanaglia,Ciampagnano,Ciampagnano County,Arvicola,Arvicolan Empire,Tallian,Tallian Spirits,village,1728,1401.07,492.47,-4.2,82.7,2392,57°F,Washington (D.C.),,,,,,,,{t1:or;charges:[{charge:helmetGreat;t:sable;p:jln;size:0.7}];shield:horsehead},https://watabou.github.io/village-generator/?pop=1728&name=Lanaglia&seed=7531122100434&width=1600&height=780&style=default&tags=highway%2Cno+square%2Cdense
435,Kegalion,Argyraguron,Argyraguron Parish,Lalylisia,Exarchate of Lalylisia,Elladan,Gourm Pantheon,village,1614,552,406.17,12.31,-76.5,554,63°F,Lisbon (Portugal),,,,,,,,{t1:argent;charges:[{charge:crossLatin;t:azure;p:jln;size:0.7}];shield:boeotian},https://watabou.github.io/village-generator/?pop=1614&name=Kegalion&seed=7531122100435&width=1600&height=780&style=default&tags=dead+end%2Cuncultivated%2Cno+square%2Cdense
436,Mindsgyarnya,Lonyalaszlia,Lonyalaszlia Earldom,Tiszalgaria,Kingdom of Tiszalgaria,Vengrian,Gods of the Sapphire Numen,village,1122,1234.89,510.43,-7.64,51.54,266,66°F,Marrakesh (Morocco),,,,,,,,{t1:gules;charges:[{charge:bowWithArrow;t:or;p:e;t2:or;t3:or;size:1.5}];shield:horsehead2},https://watabou.github.io/village-generator/?pop=1122&name=Mindsgyarnya&seed=7531122100436&width=1400&height=683&style=default&tags=estuary%2Cisolated%2Cno+square%2Cdense
437,Auvillescoma,Tosvolgia,Tosvolgia Parish,Piereia,Bishopric of Piereia,Luari,Fercellesism,town,4733,317.85,382.68,16.8,-120.4,397,59°F,Rome (Italy),,,,,,,,{t1:argent;division:{division:perCross;t:purpure;line:straight};ordinaries:[{ordinary:point;t:gules}];shield:french},https://watabou.github.io/city-generator/?name=Auvillescoma&population=4733&size=23&seed=7531122100437&river=1&coast=0&farms=1&citadel=0&urban_castle=0&hub=0&plaza=0&greens=0&temple=0&walls=0&shantytown=0&style=natural
438,Mendoionge,Azkaorua,Azkaorua Deanery,Ecelia,Eparchy of Ecelia,Euskati,Euskati Ancestors,village,935,517.9,557.29,-16.6,-82.89,3360,50°F,London (England),,,,,,,,{t1:or;charges:[{charge:bow;t:azure;p:e;size:1.5}];shield:oldFrench},https://watabou.github.io/village-generator/?pop=935&name=Mendoionge&seed=7531122100438&width=1000&height=488&style=default&tags=dead+end%2Cuncultivated%2Cno+square%2Cdense
439,Ponta,Pattefiapen,Pattefiapen Barony,Arvicola,Arvicolan Empire,Tallian,Tallian Spirits,town,7613,1605.21,508.27,-7.22,120.98,738,64°F,Barcelona (Spain),,,,,,,,{t1:or;division:{division:perCross;t:gules;line:straight};ordinaries:[{ordinary:point;t:purpure;divided:counter}];shield:horsehead},https://watabou.github.io/city-generator/?name=Ponta&population=7613&size=28&seed=7531122100439&river=0&coast=0&farms=1&citadel=0&urban_castle=0&hub=0&plaza=0&greens=0&temple=0&walls=0&shantytown=0&style=natural
440,Poviomulaci,Poviomulaci,Poviomulaci Governorate,Viroval,Republic of Viroval,Romian,Ponstatra Deities,town,9931,1110.99,422.95,9.1,28.31,13,64°F,Barcelona (Spain),,,,,,,,{t1:barry-argent-azure;ordinaries:[{ordinary:bordure;t:purpure}];charges:[{charge:roundel;t:argent;p:ABCDEFGHIJKL;size:0.18};{charge:lyre;t:sable;p:e;size:1.1}];shield:roman},https://watabou.github.io/city-generator/?name=Poviomulaci&population=9931&size=31&seed=7531122100440&river=0&coast=0&farms=1&citadel=0&urban_castle=0&hub=0&plaza=0&greens=0&temple=0&walls=0&shantytown=0&style=natural
441,Autorum,Nervia,Nervia Governorate,Viroval,Republic of Viroval,Romian,Ponstatra Deities,village,1016,1244.76,655.24,-35.34,53.39,30,48°F,Copenhagen (Denmark),,,citadel,,,,,{t1:argent;charges:[{charge:castle;t:azure;p:kn;t2:azure;size:0.7}];shield:roman},https://watabou.github.io/village-generator/?pop=1016&name=Autorum&seed=7531122100441&width=1400&height=683&style=default&tags=dead+end%2Cno+square%2Cdense
442,Pierdon,Chave,Chave County,Presia,Principality of Presia,Luari,Fercellesism,village,1141,427.16,401.03,13.29,-99.91,840,59°F,Rome (Italy),,,citadel,,,,,{t1:purpure;charges:[{charge:sword;t:or;p:e;t2:argent;size:1.5;reversed:1}];shield:french},https://watabou.github.io/village-generator/?pop=1141&name=Pierdon&seed=7531122100442&width=1400&height=683&style=default&tags=river%2Cdead+end%2Cno+square%2Cdense
443,Nigansium,Nonaquenia,Nonaquenia Governorate,Viroval,Republic of Viroval,Romian,Ponstatra Deities,village,1915,1419.15,664.78,-37.16,86.09,840,43°F,Stockholm (Sweden),,,citadel,,,,,{t1:gules;ordinaries:[{ordinary:chevronReversed;t:argent}];charges:[{charge:lanceWithBanner;t:argent;p:b;t2:argent;t3:argent;size:0.5}];shield:roman},https://watabou.github.io/village-generator/?pop=1915&name=Nigansium&seed=7531122100443&width=1600&height=780&style=default&tags=dead+end%2Cfarmland%2Cno+square%2Cdense
444,Nelale,Nelale,Nelale County,Arvicola,Arvicolan Empire,Tallian,Tallian Spirits,town,11393,1550.06,505.64,-6.72,110.64,1890,59°F,Rome (Italy),,,,walls,,,,{t1:argent;charges:[{charge:grapeBunch2;t:sable;p:jln;t2:sable;t3:azure;size:0.7}];shield:horsehead},https://watabou.github.io/city-generator/?name=Nelale&population=11393&size=33&seed=7531122100444&river=0&coast=0&farms=1&citadel=0&urban_castle=0&hub=0&plaza=0&greens=0&temple=0&walls=1&shantytown=0&style=natural
445,Poreda,Foreiraran,Foreiraran Barony,Barolia,Principality of Barolia,Portuzian,Chaminta Pantheon,village,812,1699.14,499.81,-5.61,138.59,30,66°F,Marrakesh (Morocco),,,,,,,,{t1:azure;charges:[{charge:rabbitSejant;t:or;p:e;t2:or;size:1.5}];shield:renaissance},https://watabou.github.io/village-generator/?pop=812&name=Poreda&seed=7531122100445&width=1000&height=488&style=default&tags=estuary%2Cisolated%2Cuncultivated%2Cno+square%2Cdense
446,Yaltaynak,Sarpkoyurt,Sarpkoyurt Earldom,Esenkoryurt,Esenkoryurt Khaganate,Turchian,Turchian Spirits,town,6722,699.81,674.55,-39.03,-48.79,82,46°F,Prague (Czechia),,port,,,,,,{t1:argent;division:{division:perChevronReversed;t:purpure;line:engrailed};charges:[{charge:lymphad;t:gules;p:dfh;t2:gules;t3:gules;size:0.5}];shield:round},https://watabou.github.io/city-generator/?name=Yaltaynak&population=6722&size=27&seed=7531122100446&river=0&coast=1&farms=1&citadel=0&urban_castle=0&hub=1&plaza=0&greens=0&temple=0&walls=0&shantytown=0&style=natural&sea=1.25
447,Stokki,Orsvisia,Orsvisia Parish,Piereia,Bishopric of Piereia,Norse,Norse Forefathers,town,4254,337.95,419.54,9.75,-116.63,1736,57°F,Washington (D.C.),,,,,,,,{t1:sable;ordinaries:[{ordinary:gemelle;t:or;line:straight}];charges:[{charge:bell;t:or;p:abc;t2:or;size:0.5}];shield:heater},https://watabou.github.io/city-generator/?name=Stokki&population=4254&size=22&seed=7531122100447&river=0&coast=0&farms=0&citadel=0&urban_castle=0&hub=0&plaza=0&greens=0&temple=0&walls=0&shantytown=0&style=natural
448,Leveverodu,Leveverodu,Leveverodu Governorate,Viroval,Republic of Viroval,Romian,Ponstatra Deities,town,10082,1541.55,697.22,-43.37,109.04,738,39°F,Reykjavik (Iceland),,,,walls,,,,{t1:azure;ordinaries:[{ordinary:gemelle;t:argent;line:dovetailedIndented}];charges:[{charge:dragonRampant;t:argent;p:abc;t2:argent;t3:argent;size:0.5}];shield:roman},https://watabou.github.io/city-generator/?name=Leveverodu&population=10082&size=31&seed=7531122100448&river=0&coast=0&farms=1&citadel=0&urban_castle=0&hub=0&plaza=0&greens=0&temple=0&walls=1&shantytown=0&style=natural
449,Sebaica,Thes,Thes Parish,Lalylisia,Exarchate of Lalylisia,Elladan,Gourm Pantheon,town,2080,604.71,447.02,4.49,-66.62,118,66°F,Marrakesh (Morocco),,port,,walls,,,,{t1:purpure;ordinaries:[{ordinary:pale;t:or;line:indented}];charges:[{charge:fleurDeLis;t:purpure;p:beh;size:0.5}];shield:boeotian},https://watabou.github.io/city-generator/?name=Sebaica&population=2080&size=17&seed=7531122100449&river=0&coast=1&farms=1&citadel=0&urban_castle=0&hub=1&plaza=0&greens=0&temple=0&walls=1&shantytown=0&style=natural&sea=1.82
450,Lugripocor,Marnorum,Marnorum Governorate,Viroval,Republic of Viroval,Romian,Ponstatra Deities,town,4597,1160.78,538.81,-13.07,37.65,30,63°F,Lisbon (Portugal),,,,,,,,{t1:azure;division:{division:chevronny;t:argent};charges:[{charge:bookClosed;t:or;p:jlh;t2:or;t3:or;divided:counter;size:0.7}];shield:roman},https://watabou.github.io/city-generator/?name=Lugripocor&population=4597&size=23&seed=7531122100450&river=0&coast=0&farms=1&citadel=0&urban_castle=0&hub=0&plaza=0&greens=0&temple=0&walls=0&shantytown=0&style=natural
451,Aschefonces,Treillesnoy,Treillesnoy Margrave,Presia,Principality of Presia,Luari,Fercellesism,town,8214,467.72,405.13,12.5,-92.3,738,63°F,Lisbon (Portugal),,,,,,,,{t1:gules;charges:[{charge:deerHeadCaboshed;t:argent;p:jln;t2:argent;size:0.7}];shield:french},https://watabou.github.io/city-generator/?name=Aschefonces&population=8214&size=29&seed=7531122100451&river=0&coast=0&farms=0&citadel=0&urban_castle=0&hub=0&plaza=0&greens=0&temple=0&walls=0&shantytown=0&style=natural
452,Guilia,Piana,Piana Parish,Casteleria,Divine Principality of Casteleria,Tallian,Vepar Pantheon,town,2662,1574.66,579.28,-20.81,115.25,161,61°F,Dubrovnik (Croatia),,,,,,,,{t1:or;ordinaries:[{ordinary:pale;t:gules;line:straight}];charges:[{charge:fleurDeLis;t:or;p:beh;size:0.5}];shield:horsehead},https://watabou.github.io/city-generator/?name=Guilia&population=2662&size=19&seed=7531122100452&river=1&coast=0&farms=1&citadel=0&urban_castle=0&hub=1&plaza=0&greens=0&temple=0&walls=0&shantytown=0&style=natural
453,Pons,Laning,Laning County,Arvicola,Arvicolan Empire,Keltan,Keltan Spirits,town,4345,1576.48,454.52,3.06,115.59,840,63°F,Lisbon (Portugal),,,,,,,,{t1:argent;division:{division:perFess;t:purpure;line:straight};charges:[{charge:cock;t:sable;p:e;t2:sable;t3:azure;divided:field;size:1.5};{charge:cavalier;t:or;p:e;divided:division;size:1.5;sinister:1}];shield:oval},https://watabou.github.io/city-generator/?name=Pons&population=4345&size=23&seed=7531122100453&river=0&coast=0&farms=1&citadel=0&urban_castle=0&hub=0&plaza=0&greens=0&temple=0&walls=0&shantytown=0&style=natural
454,Louvata,Ascria,Ascria Governorate,Viroval,Republic of Viroval,Romian,Ponstatra Deities,village,1024,1466.09,679.99,-40.07,94.89,328,41°F,Harbin (China),,,,,,,,{t1:azure;division:{division:perCross;t:argent;line:straight};charges:[{charge:deerHeadCaboshed;t:or;p:j;t2:or;divided:counter;size:0.6}];shield:roman},https://watabou.github.io/village-generator/?pop=1024&name=Louvata&seed=7531122100454&width=1400&height=683&style=snow&tags=highway%2Cuncultivated%2Cno+square%2Cdense
455,Poille,Ruan,Ruan Parish,Piereia,Bishopric of Piereia,Luari,Fercellesism,town,4468,229.44,460.25,1.96,-136.98,13,66°F,Marrakesh (Morocco),,,,,,,,{t1:or;ordinaries:[{ordinary:bend;t:vert;line:straight}];charges:[{charge:cock;t:or;p:joe;t2:or;t3:azure;size:0.5}];shield:french},https://watabou.github.io/city-generator/?name=Poille&population=4468&size=23&seed=7531122100455&river=0&coast=0&farms=1&citadel=0&urban_castle=0&hub=0&plaza=0&greens=0&temple=0&walls=0&shantytown=0&style=natural
456,Vukokseli,Sunguryurt,Sunguryurt Earldom,Esenkoryurt,Esenkoryurt Khaganate,Turchian,Turchian Spirits,town,6625,735.78,562.08,-17.52,-42.04,118,63°F,Lisbon (Portugal),,,citadel,,,,,{t1:argent;ordinaries:[{ordinary:saltire;t:gules;line:barby}];charges:[{charge:lambPassantReguardant;t:argent;p:e;t2:gules;size:0.7}];shield:round},https://watabou.github.io/city-generator/?name=Vukokseli&population=6625&size=26&seed=7531122100456&river=0&coast=0&farms=1&citadel=1&urban_castle=1&hub=0&plaza=0&greens=0&temple=0&walls=0&shantytown=0&style=natural
457,Haldockwar,Thetburia,Thetburia County,Lydonland,Kingdom of Lydonland,Angshire,Angshire Spirits,town,2194,1006.25,689.37,-41.87,8.67,643,39°F,Reykjavik (Iceland),,,,,,,,{t1:fusily-argent-gules;charges:[{charge:martenCourant;t:purpure;p:e;t2:purpure;t3:purpure;size:1.5}];shield:wedged},https://watabou.github.io/city-generator/?name=Haldockwar&population=2194&size=17&seed=7531122100457&river=0&coast=0&farms=1&citadel=0&urban_castle=0&hub=0&plaza=0&greens=0&temple=0&walls=0&shantytown=0&style=natural
458,Schopen,Vinoubervauzy,Vinoubervauzy County,Presia,Principality of Presia,Shwazen,Deities of the Enlightened Being,town,5675,478.19,363.9,20.39,-90.34,82,59°F,Rome (Italy),,port,,,,,,{t1:azure;division:{division:perPale;t:argent;line:embattledNotched};ordinaries:[{ordinary:bordure;t:or}];shield:swiss},https://watabou.github.io/city-generator/?name=Schopen&population=5675&size=25&seed=7531122100458&river=1&coast=1&farms=1&citadel=0&urban_castle=0&hub=1&plaza=0&greens=0&temple=0&walls=0&shantytown=0&style=natural
459,Dotigetapa,Dotigetapa,Dotigetapa Parish,Bhryreria,Patriarchate of Bhryreria,Elladan,Gourm Pantheon,town,6653,668.79,483.06,-2.4,-54.6,210,66°F,Marrakesh (Morocco),,,,,,,,{t1:gules;division:{division:perPale;t:or;line:dovetailedIndented};charges:[{charge:bookClosed;t:argent;p:p;t2:argent;t3:argent;size:0.7};{charge:talbotPassant;t:gules;p:q;size:0.7}];shield:boeotian},https://watabou.github.io/city-generator/?name=Dotigetapa&population=6653&size=27&seed=7531122100459&river=0&coast=0&farms=1&citadel=0&urban_castle=0&hub=0&plaza=0&greens=0&temple=0&walls=0&shantytown=0&style=natural
460,Bueda,Baigosa,Baigosa County,Alverenia,Duchy of Alverenia,Astellian,Occultism of the Chief of Lightning,village,1354,197.15,628.56,-30.23,-143.03,210,52°F,Antwerp (Belgium),,port,,,,,,{t1:argent;ordinaries:[{ordinary:quarter;t:gules}];charges:[{charge:scissors;t:argent;p:j;size:0.5}];shield:spanish},https://watabou.github.io/village-generator/?pop=1354&name=Bueda&seed=7531122100460&width=1400&height=683&style=default&tags=coast%2Chighway%2Cfarmland%2Cno+square%2Cdense
461,Otlingenbach,Fornautach,Fornautach Parish,Lalylisia,Exarchate of Lalylisia,Shwazen,Deities of the Enlightened Being,town,7660,583.34,343.46,24.3,-70.62,161,52°F,Antwerp (Belgium),,,,walls,,,,{t1:sable;ordinaries:[{ordinary:point;t:or}];charges:[{charge:castle;t:or;p:bdf;t2:argent;size:0.5}];shield:swiss},https://watabou.github.io/city-generator/?name=Otlingenbach&population=7660&size=28&seed=7531122100461&river=0&coast=0&farms=1&citadel=0&urban_castle=0&hub=0&plaza=0&greens=0&temple=0&walls=1&shantytown=0&style=natural
462,Eplios,Mylia,Mylia Deanery,Lalylisia,Exarchate of Lalylisia,Elladan,Gourm Pantheon,town,7091,514.25,477.4,-1.32,-83.58,1736,57°F,Washington (D.C.),,,,,,,,{t1:vert;ordinaries:[{ordinary:pale;t:argent;line:flechy}];charges:[{charge:goat;t:gules;p:e;t2:gules;t3:or;size:0.7}];shield:boeotian},https://watabou.github.io/city-generator/?name=Eplios&population=7091&size=27&seed=7531122100462&river=0&coast=0&farms=1&citadel=0&urban_castle=0&hub=0&plaza=0&greens=0&temple=0&walls=0&shantytown=0&style=natural
463,Hinckleigh,Thetburia,Thetburia County,Lydonland,Kingdom of Lydonland,Angshire,Angshire Spirits,town,4356,978.05,672.51,-38.64,3.38,554,45°F,Montreal (Canada),,port,,,,,,{t1:or;ordinaries:[{ordinary:chevronReversed;t:purpure}];charges:[{charge:plaice;t:azure;p:b;t2:purpure;size:0.5}];shield:wedged},https://watabou.github.io/city-generator/?name=Hinckleigh&population=4356&size=23&seed=7531122100463&river=0&coast=1&farms=1&citadel=0&urban_castle=0&hub=1&plaza=0&greens=0&temple=0&walls=0&shantytown=0&style=natural&sea=1.32
464,Draxtedford,Garebia,Garebia County,Lydonland,Kingdom of Lydonland,Angshire,Angshire Spirits,village,1909,1168.56,677.24,-39.55,39.1,328,41°F,Harbin (China),,,citadel,,,,,{t1:chequy-azure-argent;division:{division:perCross;t:bendy-argent-purpure-small;line:straight};ordinaries:[{ordinary:bordure;t:or}];shield:wedged},https://watabou.github.io/village-generator/?pop=1909&name=Draxtedford&seed=7531122100464&width=1600&height=780&style=snow&tags=dead+end%2Cno+square%2Cdense
465,Emenerte,Sateli,Sateli Earldom,Esenkoryurt,Esenkoryurt Khaganate,Turchian,Turchian Spirits,village,1575,924.1,614.6,-27.56,-6.73,266,55°F,Milan (Italy),,,,,,,,{t1:gules;division:{division:perPale;t:argent;line:angled};charges:[{charge:scrollClosed;t:or;p:p;t2:or;size:0.7};{charge:hook;t:azure;p:q;size:0.7}];shield:round},https://watabou.github.io/village-generator/?pop=1575&name=Emenerte&seed=7531122100465&width=1600&height=780&style=default&tags=dead+end%2Cno+square%2Cdense
466,Yalpyoba,Erdemdelen,Erdemdelen Earldom,Esenkoryurt,Esenkoryurt Khaganate,Turchian,Turchian Spirits,village,1057,905.46,691.29,-42.23,-10.23,1063,37°F,Tromsø (Norway),,,citadel,walls,,,,{t1:vert;ordinaries:[{ordinary:fess;t:or;line:indented}];charges:[{charge:estoile;t:azure;p:e;size:0.7}];shield:round},https://watabou.github.io/village-generator/?pop=1057&name=Yalpyoba&seed=7531122100466&width=1400&height=683&style=snow&tags=dead+end%2Cno+square%2Cpalisade%2Cdense
467,Theoton,Sasos,Sasos Parish,Bhryreria,Patriarchate of Bhryreria,Elladan,Gourm Pantheon,village,1144,629.59,381.58,17.01,-61.95,161,61°F,Dubrovnik (Croatia),,,citadel,,,,,{t1:gules;charges:[{charge:maces;t:argent;p:e;t2:argent;size:1.5}];shield:boeotian},https://watabou.github.io/village-generator/?pop=1144&name=Theoton&seed=7531122100467&width=1400&height=683&style=default&tags=highway%2Cno+square%2Cdense
468,Aberc,Aberc,Aberc Deanery,Sampi,Brotherhood of Sampi,Keltan,Sgurcelan Deities,town,7203,1428.17,342.81,24.43,87.78,1063,48°F,Copenhagen (Denmark),,,,walls,,,,{t1:azure;charges:[{charge:bridge;t:argent;p:jln;size:0.7}];shield:oval},https://watabou.github.io/city-generator/?name=Aberc&population=7203&size=27&seed=7531122100468&river=0&coast=0&farms=0&citadel=0&urban_castle=0&hub=0&plaza=0&greens=0&temple=0&walls=1&shantytown=0&style=natural
469,Monturte,Monturte,Monturte Barony,Arvicola,Arvicolan Empire,Tallian,Tallian Spirits,town,8010,1514.31,553.44,-15.87,103.93,328,61°F,Dubrovnik (Croatia),,port,,,,,,{t1:azure;charges:[{charge:crossArrowed;t:argent;p:e;size:1.5}];shield:horsehead},https://watabou.github.io/city-generator/?name=Monturte&population=8010&size=28&seed=7531122100469&river=1&coast=1&farms=1&citadel=0&urban_castle=0&hub=1&plaza=0&greens=0&temple=0&walls=0&shantytown=0&style=natural
470,Iurorum,Canscia,Canscia Governorate,Viroval,Republic of Viroval,Romian,Ponstatra Deities,village,959,1168.42,438.35,6.15,39.08,397,64°F,Barcelona (Spain),,,,walls,,,,{t1:vert;charges:[{charge:pillar;t:or;p:e;size:1.5}];shield:roman},https://watabou.github.io/village-generator/?pop=959&name=Iurorum&seed=7531122100470&width=1000&height=488&style=default&tags=dead+end%2Cuncultivated%2Cno+square%2Cpalisade%2Cdense
471,Giurania,Castrelvi,Castrelvi Barony,Arvicola,Arvicolan Empire,Tallian,Tallian Spirits,town,9446,1562.9,502.58,-6.14,113.04,1890,59°F,Rome (Italy),,,,,,,,{t1:argent;charges:[{charge:oak;t:gules;p:e;t2:azure;t3:gules;size:1.5}];shield:horsehead},https://watabou.github.io/city-generator/?name=Giurania&population=9446&size=30&seed=7531122100471&river=0&coast=0&farms=1&citadel=0&urban_castle=0&hub=0&plaza=0&greens=0&temple=0&walls=0&shantytown=0&style=natural
472,Kepe,Serkaytyurt,Serkaytyurt Margrave,Esenkoryurt,Esenkoryurt Khaganate,Turchian,Turchian Spirits,village,1599,919.3,663.62,-36.94,-7.63,643,45°F,Montreal (Canada),,port,,,,,,{t1:sable;charges:[{charge:anchor;t:or;p:def;size:0.5}];shield:round},https://watabou.github.io/village-generator/?pop=1599&name=Kepe&seed=7531122100472&width=1600&height=780&style=default&tags=coast%2Chighway%2Cuncultivated%2Cno+square%2Cdense
473,Braudager,Sesti,Sesti County,Estrielas,Duchy of Estrielas,Norse,Norse Forefathers,town,8174,326.09,635.66,-31.59,-118.86,738,46°F,Prague (Czechia),,,,,,,,{t1:argent;charges:[{charge:billet;t:azure;p:e;size:1.5}];shield:heater},https://watabou.github.io/city-generator/?name=Braudager&population=8174&size=29&seed=7531122100473&river=1&coast=0&farms=1&citadel=0&urban_castle=0&hub=0&plaza=0&greens=0&temple=0&walls=0&shantytown=0&style=natural
474,Paksnafold,Paksnafold,Paksnafold County,Tiszalgaria,Kingdom of Tiszalgaria,Vengrian,Gods of the Sapphire Numen,town,8817,1313.27,488.47,-3.44,66.24,948,63°F,Lisbon (Portugal),,,,,,,,{t1:vert;charges:[{charge:crossHummetty;t:argent;p:jln;size:0.7}];shield:horsehead2},https://watabou.github.io/city-generator/?name=Paksnafold&population=8817&size=29&seed=7531122100474&river=0&coast=0&farms=0&citadel=0&urban_castle=0&hub=0&plaza=0&greens=0&temple=0&walls=0&shantytown=0&style=natural
475,Tyrenion,Ebrandtnau,Ebrandtnau Parish,Lalylisia,Exarchate of Lalylisia,Elladan,Gourm Pantheon,town,2818,586.46,295.9,33.4,-70.04,82,41°F,Harbin (China),,port,,,,,,{t1:vert;ordinaries:[{ordinary:terrace;t:or;line:straight}];charges:[{charge:armillarySphere;t:argent;p:e;size:1.5}];shield:boeotian},https://watabou.github.io/city-generator/?name=Tyrenion&population=2818&size=19&seed=7531122100475&river=0&coast=1&farms=1&citadel=0&urban_castle=0&hub=0&plaza=0&greens=0&temple=0&walls=0&shantytown=0&style=natural&sea=0.43
476,Thodos,Kyriaras,Kyriaras Parish,Bhryreria,Patriarchate of Bhryreria,Elladan,Gourm Pantheon,town,6888,836.31,316.89,29.38,-23.19,266,45°F,Montreal (Canada),,,,,,,,{t1:gules;division:{division:perCross;t:argent;line:dovetailed};ordinaries:[{ordinary:cross;t:or;line:straight;divided:counter}];shield:boeotian},https://watabou.github.io/city-generator/?name=Thodos&population=6888&size=27&seed=7531122100476&river=0&coast=0&farms=1&citadel=0&urban_castle=0&hub=0&plaza=0&greens=0&temple=0&walls=0&shantytown=0&style=natural
477,Heracrasos,Kutyurt,Kutyurt Barony,Beytekyurt,Beytekyurt Horde,Elladan,Gourm Pantheon,town,2531,593.43,636.1,-31.68,-68.73,161,52°F,Antwerp (Belgium),,port,,,,,,{t1:azure;ordinaries:[{ordinary:bendlet;t:or;line:potenty}];charges:[{charge:scorpion;t:gules;p:joe;size:0.3}];shield:boeotian},https://watabou.github.io/city-generator/?name=Heracrasos&population=2531&size=18&seed=7531122100477&river=0&coast=1&farms=1&citadel=0&urban_castle=0&hub=1&plaza=0&greens=0&temple=0&walls=0&shantytown=0&style=natural&sea=1.83
478,Iusenna,Bondetia,Bondetia Province,Viroval,Republic of Viroval,Romian,Ponstatra Deities,town,9289,1115,437.8,6.26,29.06,30,66°F,Marrakesh (Morocco),,,citadel,,,,,{t1:argent;division:{division:perBend;t:vairInPale-or-azure;line:potentyDexter};ordinaries:[{ordinary:cross;t:purpure;line:dovetailedIndented}];charges:[{charge:scissors2;t:argent;p:e;size:0.5}];shield:roman},https://watabou.github.io/city-generator/?name=Iusenna&population=9289&size=30&seed=7531122100478&river=0&coast=0&farms=1&citadel=1&urban_castle=1&hub=0&plaza=0&greens=0&temple=0&walls=0&shantytown=0&style=natural
479,Colvicararic,Nescanolia,Nescanolia Parish,Sampi,Brotherhood of Sampi,Tallian,Sgurcelan Deities,village,1122,1214.15,321.74,28.46,47.65,840,43°F,Stockholm (Sweden),,,,,,,,{t1:sable;ordinaries:[{ordinary:bar;t:argent;line:straight}];charges:[{charge:grenade;t:vert;p:def;t2:argent;size:0.3}];shield:horsehead},https://watabou.github.io/village-generator/?pop=1122&name=Colvicararic&seed=7531122100479&width=1400&height=683&style=default&tags=dead+end%2Cno+square%2Cdense
480,Kerecs,Dombrabia,Dombrabia Shire,Tiszalgaria,Kingdom of Tiszalgaria,Vengrian,Gods of the Sapphire Numen,city,13061,1318.99,460.03,2,67.31,840,63°F,Lisbon (Portugal),,,,,,,,{t1:tenné;division:{division:gyronny;t:argent};charges:[{charge:mullet10;t:or;p:beh;divided:counter;size:0.5}];shield:horsehead2},https://watabou.github.io/city-generator/?name=Kerecs&population=13061&size=34&seed=7531122100480&river=0&coast=0&farms=0&citadel=0&urban_castle=0&hub=0&plaza=0&greens=0&temple=0&walls=0&shantytown=0&style=natural
481,Folise,Mignia,Mignia County,Presia,Principality of Presia,Luari,Fercellesism,town,11036,391.79,371.09,19.02,-106.54,472,57°F,Washington (D.C.),,,citadel,,,,,{t1:grillage-gules-or-smaller;charges:[{charge:mallet;t:argent;p:e;t2:argent;size:1.5}];shield:french},https://watabou.github.io/city-generator/?name=Folise&population=11036&size=32&seed=7531122100481&river=1&coast=0&farms=1&citadel=1&urban_castle=0&hub=0&plaza=0&greens=0&temple=0&walls=0&shantytown=0&style=natural
482,Sarpkoydi,Alteli,Alteli Barony,Beytekyurt,Beytekyurt Horde,Turchian,Turchian Spirits,village,1004,651.08,654.67,-35.23,-57.92,2392,39°F,Reykjavik (Iceland),,,,,,,,{t1:azure;charges:[{charge:cavalier;t:argent;p:e;t2:argent;t3:or;size:1.5}];shield:round},https://watabou.github.io/village-generator/?pop=1004&name=Sarpkoydi&seed=7531122100482&width=1400&height=683&style=snow&tags=dead+end%2Cno+square%2Cdense
483,Nyirca,Nyirca,Nyirca County,Tiszalgaria,Kingdom of Tiszalgaria,Vengrian,Gods of the Sapphire Numen,town,4773,1292.3,586.45,-22.18,62.31,1312,55°F,Milan (Italy),,,,,,,,{t1:argent;division:{division:perFess;t:gules;line:straight};ordinaries:[{ordinary:fess;t:azure;line:straight}];shield:horsehead2},https://watabou.github.io/city-generator/?name=Nyirca&population=4773&size=23&seed=7531122100483&river=0&coast=0&farms=0&citadel=0&urban_castle=0&hub=0&plaza=0&greens=0&temple=0&walls=0&shantytown=0&style=natural
484,Alcaugebol,Pueria,Pueria Seneschalty,Alverenia,Duchy of Alverenia,Astellian,Occultism of the Chief of Lightning,town,5240,171.89,595.89,-23.99,-147.77,82,57°F,Washington (D.C.),,,,,,,,{t1:argent;ordinaries:[{ordinary:chevronReversed;t:azure}];charges:[{charge:mallet;t:gules;p:b;t2:gules;size:0.5}];shield:spanish},https://watabou.github.io/city-generator/?name=Alcaugebol&population=5240&size=24&seed=7531122100484&river=0&coast=0&farms=1&citadel=0&urban_castle=0&hub=0&plaza=0&greens=0&temple=0&walls=0&shantytown=0&style=natural
485,Akropopolis,Golbia,Golbia Parish,Bhryreria,Patriarchate of Bhryreria,Elladan,Gourm Pantheon,village,1510,675.33,356.6,21.79,-53.38,52,52°F,Antwerp (Belgium),,port,,,,,,{t1:azure;ordinaries:[{ordinary:bordure;t:argent}];charges:[{charge:talbotPassant;t:argent;p:jleh;t2:or;t3:or;size:0.5}];shield:boeotian},https://watabou.github.io/village-generator/?pop=1510&name=Akropopolis&seed=7531122100485&width=1600&height=780&style=default&tags=coast%2Chighway%2Cno+square%2Cdense
486,Kumdekilya,Yelgar,Yelgar Margrave,Esenkoryurt,Esenkoryurt Khaganate,Turchian,Turchian Spirits,town,5242,947.77,583,-21.52,-2.29,30,61°F,Dubrovnik (Croatia),,,,,,,,{t1:vert;ordinaries:[{ordinary:chief;t:or;line:straight}];charges:[{charge:scissors;t:sable;p:abc;size:0.5}];shield:round},https://watabou.github.io/city-generator/?name=Kumdekilya&population=5242&size=24&seed=7531122100486&river=0&coast=0&farms=1&citadel=0&urban_castle=0&hub=0&plaza=0&greens=0&temple=0&walls=0&shantytown=0&style=natural
487,Ephimenion,Kyriaras,Kyriaras Parish,Bhryreria,Patriarchate of Bhryreria,Elladan,Gourm Pantheon,town,2100,826.37,311.97,30.32,-25.06,266,45°F,Montreal (Canada),,,,,,,,{t1:azure;division:{division:perCross;t:fretty-argent-gules;line:straight};charges:[{charge:crossJerusalem;t:or;p:j;size:0.6};{charge:crossLatin;t:purpure;p:l;size:0.6};{charge:ladybird;t:azure;p:m;size:0.6};{charge:inescutcheon;t:argent;p:o;size:0.6}];shield:boeotian},https://watabou.github.io/city-generator/?name=Ephimenion&population=2100&size=17&seed=7531122100487&river=0&coast=0&farms=1&citadel=0&urban_castle=0&hub=0&plaza=0&greens=0&temple=0&walls=0&shantytown=0&style=natural
488,Chorkennar,Foreiraran,Foreiraran Barony,Barolia,Principality of Barolia,Keltan,Keltan Spirits,village,1035,1663.81,464.86,1.08,131.96,738,64°F,Barcelona (Spain),,,,walls,,,,{t1:sable;charges:[{charge:annulet;t:argent;p:kn;size:0.7}];shield:oval},https://watabou.github.io/village-generator/?pop=1035&name=Chorkennar&seed=7531122100488&width=1400&height=683&style=default&tags=highway%2Cno+square%2Cpalisade%2Cdense
489,Gorchialyre,Dotigetapa,Dotigetapa Parish,Bhryreria,Patriarchate of Bhryreria,Elladan,Gourm Pantheon,village,1279,642.67,488.03,-3.35,-59.5,161,66°F,Marrakesh (Morocco),,,citadel,walls,,,,{t1:bendy-argent-azure;division:{division:gyronny;t:sable};ordinaries:[{ordinary:saltire;t:purpure;line:straight}];shield:boeotian},https://watabou.github.io/village-generator/?pop=1279&name=Gorchialyre&seed=7531122100489&width=1400&height=683&style=default&tags=highway%2Cfarmland%2Cno+square%2Cpalisade%2Cdense
490,Kalbelen,Yelgar,Yelgar Margrave,Esenkoryurt,Esenkoryurt Khaganate,Turchian,Turchian Spirits,town,5362,912.89,577.11,-20.39,-8.83,266,59°F,Rome (Italy),,,,,,,,{t1:or;ordinaries:[{ordinary:quarter;t:purpure}];charges:[{charge:billet;t:or;p:j;size:0.5}];shield:round},https://watabou.github.io/city-generator/?name=Kalbelen&population=5362&size=24&seed=7531122100490&river=0&coast=0&farms=1&citadel=0&urban_castle=0&hub=0&plaza=0&greens=0&temple=0&walls=0&shantytown=0&style=natural
491,Bellinonene,Cartecorcia,Cartecorcia County,Rocano,Grand Duchy of Rocano,Tallian,Tallian Spirits,town,7557,1375.46,463.11,1.41,77.9,840,63°F,Lisbon (Portugal),,,citadel,,,,,{t1:azure;division:{division:perCross;t:argent;line:straight};ordinaries:[{ordinary:pilesInPoint;t:or}];charges:[{charge:mullet10;t:vert;p:jl;size:0.7}];shield:horsehead},https://watabou.github.io/city-generator/?name=Bellinonene&population=7557&size=28&seed=7531122100491&river=0&coast=0&farms=1&citadel=1&urban_castle=0&hub=0&plaza=0&greens=0&temple=0&walls=0&shantytown=0&style=natural
492,Sasos,Sasos,Sasos Parish,Bhryreria,Patriarchate of Bhryreria,Elladan,Gourm Pantheon,city,22631,654.23,381.55,17.01,-57.33,82,61°F,Dubrovnik (Croatia),,,,walls,,,shanty town,{t1:gules;ordinaries:[{ordinary:bordure;t:or}];charges:[{charge:mulletPierced;t:gules;p:ABCDEFGHIJKL;t2:gules;size:0.18};{charge:fly;t:or;p:e;size:1.1}];shield:boeotian},https://watabou.github.io/city-generator/?name=Sasos&population=22631&size=42&seed=7531122100492&river=1&coast=0&farms=1&citadel=0&urban_castle=0&hub=0&plaza=0&greens=0&temple=0&walls=1&shantytown=1&style=natural
493,Alluma,Contidesia,Contidesia County,Padamia,Grand Duchy of Padamia,Astellian,Occultism of the Chief of Lightning,town,7097,256.43,461.93,1.64,-131.92,210,66°F,Marrakesh (Morocco),,port,,,,,,{t1:gules;division:{division:perFess;t:or;line:straight};charges:[{charge:heart;t:argent;p:k;size:0.7};{charge:crossClechy;t:azure;p:n;size:0.7}];shield:spanish},https://watabou.github.io/city-generator/?name=Alluma&population=7097&size=27&seed=7531122100493&river=0&coast=1&farms=0&citadel=0&urban_castle=0&hub=1&plaza=0&greens=0&temple=0&walls=0&shantytown=0&style=natural&sea=1.14
494,Carvelas,Algunagia,Algunagia County,Barolia,Principality of Barolia,Portuzian,Chaminta Pantheon,town,12634,1668.61,529.24,-11.24,132.86,118,64°F,Barcelona (Spain),,port,,walls,,,,{t1:vert;charges:[{charge:hatchet;t:argent;p:kn;t2:argent;size:0.7}];shield:renaissance},https://watabou.github.io/city-generator/?name=Carvelas&population=12634&size=34&seed=7531122100494&river=0&coast=1&farms=1&citadel=0&urban_castle=0&hub=0&plaza=0&greens=0&temple=0&walls=1&shantytown=0&style=natural&sea=0.39
495,Watchbouton,Garebia,Garebia County,Lydonland,Kingdom of Lydonland,Angshire,Angshire Spirits,village,1116,1220.5,773.3,-57.92,48.84,82,28°F,Fairbanks (Alaska),,,,,,,,{t1:chequy-azure-argent;division:{division:perCross;t:or;line:straight};ordinaries:[{ordinary:chevronReversed;t:argent}];shield:wedged},https://watabou.github.io/village-generator/?pop=1116&name=Watchbouton&seed=7531122100495&width=1400&height=683&style=snow&tags=dead+end%2Cuncultivated%2Cno+orchards%2Cno+square%2Cdense
496,Abery,Beisaberia,Beisaberia Margrave,Arvicola,Arvicolan Empire,Keltan,Keltan Spirits,town,10271,1628.73,290.89,34.36,125.39,210,37°F,Tromsø (Norway),,,,,,,,{t1:gules;ordinaries:[{ordinary:chevron;t:or}];charges:[{charge:crossHummetty;t:purpure;p:h;size:0.5}];shield:oval},https://watabou.github.io/city-generator/?name=Abery&population=10271&size=31&seed=7531122100496&river=0&coast=0&farms=1&citadel=0&urban_castle=0&hub=0&plaza=0&greens=0&temple=0&walls=0&shantytown=0&style=natural
497,Parmalydon,Itrosia,Itrosia Parish,Bhryreria,Patriarchate of Bhryreria,Elladan,Gourm Pantheon,town,12069,750.83,441.38,5.57,-39.22,30,66°F,Marrakesh (Morocco),,,,,,,,{t1:azure;ordinaries:[{ordinary:mount;t:argent}];charges:[{charge:heart;t:argent;p:bdf;size:0.5}];shield:boeotian},https://watabou.github.io/city-generator/?name=Parmalydon&population=12069&size=33&seed=7531122100497&river=0&coast=0&farms=1&citadel=0&urban_castle=0&hub=0&plaza=0&greens=0&temple=0&walls=0&shantytown=0&style=natural
498,Buchefenb,Naucreia,Naucreia Parish,Lalylisia,Exarchate of Lalylisia,Shwazen,Deities of the Enlightened Being,town,8160,572.81,360.11,21.12,-72.6,328,54°F,Paris (France),,,citadel,,,,,{t1:or;charges:[{charge:bell;t:sable;p:jln;t2:sable;size:0.7}];shield:swiss},https://watabou.github.io/city-generator/?name=Buchefenb&population=8160&size=29&seed=7531122100498&river=0&coast=0&farms=1&citadel=1&urban_castle=1&hub=0&plaza=0&greens=0&temple=0&walls=0&shantytown=0&style=natural
499,Kyreumnos,Corgiphos,Corgiphos Parish,Bhryreria,Patriarchate of Bhryreria,Elladan,Gourm Pantheon,town,2781,782.9,373.2,18.61,-33.21,118,59°F,Rome (Italy),,,,,,,,{t1:argent;charges:[{charge:griffinPassant;t:azure;p:e;t2:azure;t3:azure;size:1.5}];shield:boeotian},https://watabou.github.io/city-generator/?name=Kyreumnos&population=2781&size=19&seed=7531122100499&river=0&coast=0&farms=1&citadel=0&urban_castle=0&hub=0&plaza=0&greens=0&temple=0&walls=0&shantytown=0&style=natural
500,Insannerkeit,Beisaberia,Beisaberia Margrave,Arvicola,Arvicolan Empire,Keltan,Keltan Spirits,village,1036,1580.51,301.54,32.32,116.35,472,39°F,Reykjavik (Iceland),,,,,,,,{t1:purpure;ordinaries:[{ordinary:fess;t:or;line:straight}];charges:[{charge:laurelWreath;t:purpure;p:def;t2:purpure;size:0.5}];shield:oval},https://watabou.github.io/village-generator/?pop=1036&name=Insannerkeit&seed=7531122100500&width=1400&height=683&style=snow&tags=river%2Cdead+end%2Cno+square%2Cdense
501,Vendanista,Saconatumia,Saconatumia Governorate,Viroval,Republic of Viroval,Romian,Ponstatra Deities,town,7298,1437.28,683.71,-40.78,89.49,840,39°F,Reykjavik (Iceland),,,,,,,,{t1:bendy-argent-vert;ordinaries:[{ordinary:terrace;t:purpure;line:straight}];charges:[{charge:deerHeadCaboshed;t:gules;p:e;t2:gules;size:1.5}];shield:roman},https://watabou.github.io/city-generator/?name=Vendanista&population=7298&size=27&seed=7531122100501&river=0&coast=0&farms=1&citadel=0&urban_castle=0&hub=0&plaza=0&greens=0&temple=0&walls=0&shantytown=0&style=natural
502,Mantiochmo,Gourgiphe,Gourgiphe Parish,Bhryreria,Patriarchate of Bhryreria,Elladan,Gourm Pantheon,town,4893,704.39,384.48,16.45,-47.93,13,61°F,Dubrovnik (Croatia),,,,,,,,{t1:or;charges:[{charge:martenCourant;t:gules;p:jln;t2:gules;t3:gules;size:0.7}];shield:boeotian},https://watabou.github.io/city-generator/?name=Mantiochmo&population=4893&size=24&seed=7531122100502&river=0&coast=0&farms=1&citadel=0&urban_castle=0&hub=0&plaza=0&greens=0&temple=0&walls=0&shantytown=0&style=natural
503,Leontos,Bytheta,Bytheta Deanery,Ecelia,Eparchy of Ecelia,Elladan,Gourm Pantheon,town,2720,602.96,490.53,-3.83,-66.95,266,64°F,Barcelona (Spain),,,,,,,,{t1:purpure;division:{division:perBend;t:argent;line:straight};ordinaries:[{ordinary:piles;t:or;divided:field}];shield:boeotian},https://watabou.github.io/city-generator/?name=Leontos&population=2720&size=19&seed=7531122100503&river=0&coast=0&farms=1&citadel=0&urban_castle=0&hub=0&plaza=0&greens=0&temple=0&walls=0&shantytown=0&style=natural
504,Vatrea,Myopomis,Myopomis Deanery,Ecelia,Eparchy of Ecelia,Elladan,Gourm Pantheon,town,7930,608.97,572,-19.42,-65.82,840,57°F,Washington (D.C.),,,,walls,,,,{t1:vert;charges:[{charge:crossClechy;t:argent;p:jln;size:0.7}];shield:boeotian},https://watabou.github.io/city-generator/?name=Vatrea&population=7930&size=28&seed=7531122100504&river=0&coast=0&farms=1&citadel=0&urban_castle=0&hub=0&plaza=0&greens=0&temple=0&walls=1&shantytown=0&style=natural
505,Wasingscom,Wasingscom,Wasingscom County,Lydonland,Kingdom of Lydonland,Angshire,Angshire Spirits,town,9273,1067.71,614.63,-27.57,20.2,738,54°F,Paris (France),,,,,,,,{t1:gules;charges:[{charge:lymphad;t:argent;p:e;t2:argent;t3:argent;size:1.5}];shield:wedged},https://watabou.github.io/city-generator/?name=Wasingscom&population=9273&size=30&seed=7531122100505&river=0&coast=0&farms=1&citadel=0&urban_castle=0&hub=0&plaza=0&greens=0&temple=0&walls=0&shantytown=0&style=natural
506,Briavey,Treillesnoy,Treillesnoy Margrave,Presia,Principality of Presia,Luari,Fercellesism,village,1196,452.7,436.2,6.56,-95.12,948,61°F,Dubrovnik (Croatia),,,,,,,,{t1:purpure;charges:[{charge:crossHummetty;t:or;p:abc;size:0.5}];shield:french},https://watabou.github.io/village-generator/?pop=1196&name=Briavey&seed=7531122100506&width=1400&height=683&style=default&tags=river%2Chighway%2Cno+square%2Cdense
507,Witre,Garebia,Garebia County,Lydonland,Kingdom of Lydonland,Angshire,Angshire Spirits,town,5467,1248.3,772.75,-57.82,54.06,52,28°F,Fairbanks (Alaska),,,,,plaza,,,{t1:chequy-azure-argent;division:{division:perPale;t:or;line:straight};charges:[{charge:key;t:argent;p:e;divided:field;size:1.5};{charge:crossCeltic;t:sable;p:e;divided:division;size:1.5}];shield:wedged},https://watabou.github.io/city-generator/?name=Witre&population=5467&size=25&seed=7531122100507&river=1&coast=0&farms=0&citadel=0&urban_castle=0&hub=0&plaza=1&greens=1&temple=0&walls=0&shantytown=0&style=natural
508,Buckington,Erdemdelen,Erdemdelen Earldom,Esenkoryurt,Esenkoryurt Khaganate,Angshire,Angshire Spirits,village,1122,949.89,787.41,-60.62,-1.9,30,27°F,Okhotsk (Russia),,,,,plaza,,,{t1:argent;ordinaries:[{ordinary:chief;t:purpure;line:engrailed}];charges:[{charge:pegasus;t:vert;p:emo;t2:vert;t3:azure;size:0.5}];shield:wedged},https://watabou.github.io/village-generator/?pop=1122&name=Buckington&seed=7531122100508&width=1400&height=683&style=snow&tags=estuary%2Cisolated%2Cuncultivated%2Cno+orchards%2Cdense
509,Birbachen,Ebruckia,Ebruckia Margrave,Presia,Principality of Presia,Shwazen,Deities of the Enlightened Being,town,2485,518.02,296.43,33.3,-82.87,52,41°F,Harbin (China),,,,,,,,{t1:or;charges:[{charge:shield;t:vert;p:e;t2:vert;size:1.5}];shield:swiss},https://watabou.github.io/city-generator/?name=Birbachen&population=2485&size=18&seed=7531122100509&river=0&coast=0&farms=1&citadel=0&urban_castle=0&hub=0&plaza=0&greens=0&temple=0&walls=0&shantytown=0&style=natural
510,Villecoq,Tosvolgia,Tosvolgia Parish,Piereia,Bishopric of Piereia,Luari,Fercellesism,town,5621,276.96,391.87,15.04,-128.07,13,63°F,Lisbon (Portugal),,,,,,,,{t1:or;ordinaries:[{ordinary:pall;t:gules}];charges:[{charge:ratRampant;t:or;p:jlh;t2:or;size:0.5}];shield:french},https://watabou.github.io/city-generator/?name=Villecoq&population=5621&size=25&seed=7531122100510&river=1&coast=0&farms=1&citadel=0&urban_castle=0&hub=0&plaza=0&greens=0&temple=0&walls=0&shantytown=0&style=natural
511,Maguriastos,Maguriastos,Maguriastos Parish,Bhryreria,Patriarchate of Bhryreria,Elladan,Gourm Pantheon,town,9601,671.5,500.3,-5.7,-54.09,30,66°F,Marrakesh (Morocco),,,,,,,,{t1:argent;division:{division:perPile;t:azure;line:dragonTeeth};charges:[{charge:scythe;t:purpure;p:jleh;t2:purpure;size:0.5;reversed:1}];shield:boeotian},https://watabou.github.io/city-generator/?name=Maguriastos&population=9601&size=30&seed=7531122100511&river=0&coast=0&farms=1&citadel=0&urban_castle=0&hub=0&plaza=0&greens=0&temple=0&walls=0&shantytown=0&style=natural
512,Yasi,Serkaytyurt,Serkaytyurt Margrave,Esenkoryurt,Esenkoryurt Khaganate,Turchian,Turchian Spirits,town,5824,871.17,643.5,-33.09,-16.66,472,50°F,London (England),,,,,,,,{t1:argent;ordinaries:[{ordinary:cross;t:azure;line:flechy}];charges:[{charge:triangle;t:argent;p:behdf;size:0.3}];shield:round},https://watabou.github.io/city-generator/?name=Yasi&population=5824&size=25&seed=7531122100512&river=0&coast=0&farms=1&citadel=0&urban_castle=0&hub=0&plaza=0&greens=0&temple=0&walls=0&shantytown=0&style=natural
513,Hesia,Hesia,Hesia Parish,Bhryreria,Patriarchate of Bhryreria,Elladan,Gourm Pantheon,town,8322,648.2,323.3,28.16,-58.46,118,46°F,Prague (Czechia),,,citadel,walls,,,,{t1:chequy-or-azure-small;ordinaries:[{ordinary:chevron;t:gules}];shield:boeotian},https://watabou.github.io/city-generator/?name=Hesia&population=8322&size=29&seed=7531122100513&river=0&coast=0&farms=1&citadel=1&urban_castle=0&hub=0&plaza=0&greens=0&temple=0&walls=1&shantytown=0&style=natural
514,Presbury,Garebia,Garebia County,Lydonland,Kingdom of Lydonland,Angshire,Angshire Spirits,village,1991,1198.59,782.02,-59.59,44.74,30,27°F,Okhotsk (Russia),,,,,,,,{t1:chequy-azure-argent;charges:[{charge:roundel2;t:argent;p:e;size:1.5}];shield:wedged},https://watabou.github.io/village-generator/?pop=1991&name=Presbury&seed=7531122100514&width=1600&height=780&style=snow&tags=dead+end%2Cuncultivated%2Cno+orchards%2Cno+square%2Cdense
515,Stympha,Gourgiphe,Gourgiphe Parish,Bhryreria,Patriarchate of Bhryreria,Elladan,Gourm Pantheon,town,3859,708.91,398.4,13.79,-47.08,52,63°F,Lisbon (Portugal),,port,,,,,,{t1:or;charges:[{charge:sickle;t:vert;p:jln;t2:vert;size:0.7}];shield:boeotian},https://watabou.github.io/city-generator/?name=Stympha&population=3859&size=22&seed=7531122100515&river=0&coast=1&farms=1&citadel=0&urban_castle=0&hub=0&plaza=0&greens=0&temple=0&walls=0&shantytown=0&style=natural&sea=0.81
516,Senalejosto,Madrocia,Madrocia Shire,Padamia,Grand Duchy of Padamia,Astellian,Occultism of the Chief of Lightning,town,4695,227.09,558.89,-16.91,-137.42,1447,57°F,Washington (D.C.),,,,,,,,{t1:argent;charges:[{charge:crossErminee;t:gules;p:e;size:1.5}];shield:spanish},https://watabou.github.io/city-generator/?name=Senalejosto&population=4695&size=23&seed=7531122100516&river=0&coast=0&farms=1&citadel=0&urban_castle=0&hub=1&plaza=0&greens=0&temple=0&walls=0&shantytown=0&style=natural
517,Ciampagnano,Ciampagnano,Ciampagnano County,Arvicola,Arvicolan Empire,Tallian,Tallian Spirits,town,9993,1443.26,485.22,-2.82,90.61,3360,54°F,Paris (France),,,,,,,,{t1:argent;charges:[{charge:cannon;t:gules;p:e;t2:vert;size:1.5}];shield:horsehead},https://watabou.github.io/city-generator/?name=Ciampagnano&population=9993&size=31&seed=7531122100517&river=0&coast=0&farms=1&citadel=0&urban_castle=0&hub=0&plaza=0&greens=0&temple=0&walls=0&shantytown=0&style=natural
518,Felbone,Felbone,Felbone County,Lydonland,Kingdom of Lydonland,Angshire,Angshire Spirits,town,7799,1006.9,518.93,-9.26,8.79,118,64°F,Barcelona (Spain),,port,,,,,,{t1:argent;charges:[{charge:rose;t:purpure;p:e;t2:purpure;t3:azure;size:1.5}];shield:wedged},https://watabou.github.io/city-generator/?name=Felbone&population=7799&size=28&seed=7531122100518&river=0&coast=1&farms=1&citadel=0&urban_castle=0&hub=0&plaza=0&greens=0&temple=0&walls=0&shantytown=0&style=natural&sea=0.86
519,Antechia,Valterra,Valterra Deanery,Sampi,Brotherhood of Sampi,Tallian,Sgurcelan Deities,city,16855,1276.07,325.02,27.83,59.26,1447,45°F,Montreal (Canada),,,citadel,walls,,,,{t1:sable;division:{division:perCross;t:or;line:straight};shield:horsehead},https://watabou.github.io/city-generator/?name=Antechia&population=16855&size=38&seed=7531122100519&river=0&coast=0&farms=1&citadel=1&urban_castle=0&hub=0&plaza=0&greens=0&temple=0&walls=1&shantytown=0&style=natural
520,Rylsk,Pleshonia,Pleshonia Parish,Sampi,Brotherhood of Sampi,Slovan,Sgurcelan Deities,town,11609,1341.42,347,23.62,71.52,1588,46°F,Prague (Czechia),,,,,,,,{t1:vert;ordinaries:[{ordinary:fess;t:or;line:straight}];charges:[{charge:cock;t:azure;p:def;t2:argent;t3:or;size:0.5}];shield:polish},https://watabou.github.io/city-generator/?name=Rylsk&population=11609&size=33&seed=7531122100520&river=0&coast=0&farms=0&citadel=0&urban_castle=0&hub=0&plaza=0&greens=0&temple=0&walls=0&shantytown=0&style=natural
521,Macleshead,Thetburia,Thetburia County,Lydonland,Kingdom of Lydonland,Angshire,Angshire Spirits,town,5476,1019.24,709.22,-45.66,11.11,397,36°F,Anchorage (Alaska),,,,,,,,{t1:chequy-azure-argent;ordinaries:[{ordinary:cross;t:argent;line:straight}];shield:wedged},https://watabou.github.io/city-generator/?name=Macleshead&population=5476&size=25&seed=7531122100521&river=0&coast=0&farms=0&citadel=0&urban_castle=0&hub=0&plaza=0&greens=0&temple=0&walls=0&shantytown=0&style=natural
522,Coniati,Coniati,Coniati Barony,Arvicola,Arvicolan Empire,Tallian,Tallian Spirits,town,8831,1533.73,526.41,-10.69,107.57,738,63°F,Lisbon (Portugal),,,,,,,,{t1:azure;division:{division:perChevronReversed;t:argent;line:straight};charges:[{charge:mallet;t:or;p:dfh;t2:or;divided:counter;size:0.5}];shield:horsehead},https://watabou.github.io/city-generator/?name=Coniati&population=8831&size=30&seed=7531122100522&river=1&coast=0&farms=1&citadel=0&urban_castle=0&hub=0&plaza=0&greens=0&temple=0&walls=0&shantytown=0&style=natural
523,Torksey,Oakseia,Oakseia County,Lydonland,Kingdom of Lydonland,Angshire,Angshire Spirits,town,2737,1105.77,598.65,-24.51,27.33,738,55°F,Milan (Italy),,,citadel,,,,,{t1:or;charges:[{charge:lionRampant;t:purpure;p:e;t2:gules;t3:azure;size:1.5}];shield:wedged},https://watabou.github.io/city-generator/?name=Torksey&population=2737&size=19&seed=7531122100523&river=0&coast=0&farms=1&citadel=1&urban_castle=0&hub=0&plaza=0&greens=0&temple=0&walls=0&shantytown=0&style=natural
524,Cokexe,Wasingscom,Wasingscom County,Lydonland,Kingdom of Lydonland,Angshire,Angshire Spirits,village,969,1085.37,627.21,-29.98,23.51,738,50°F,London (England),,,,,,,,{t1:argent;charges:[{charge:lionRampant;t:azure;p:abc;t2:azure;t3:vert;size:0.5}];shield:wedged},https://watabou.github.io/village-generator/?pop=969&name=Cokexe&seed=7531122100524&width=1000&height=488&style=default&tags=dead+end%2Cno+square%2Cdense
525,Gaharnuya,Erdemdelen,Erdemdelen Earldom,Esenkoryurt,Esenkoryurt Khaganate,Turchian,Turchian Spirits,town,4357,924.64,752.11,-53.87,-6.63,643,32°F,Murmansk (Russia),,,,,,,,{t1:argent;charges:[{charge:lanceWithBanner;t:vert;p:e;t2:vert;t3:vert;size:1.5}];shield:round},https://watabou.github.io/city-generator/?name=Gaharnuya&population=4357&size=23&seed=7531122100525&river=1&coast=0&farms=0&citadel=0&urban_castle=0&hub=0&plaza=0&greens=0&temple=0&walls=0&shantytown=0&style=natural
526,Solafsfjor,Sesti,Sesti County,Estrielas,Duchy of Estrielas,Norse,Norse Forefathers,village,563,321.06,651.49,-34.62,-119.8,210,48°F,Copenhagen (Denmark),,,,,,,,{t1:gules;ordinaries:[{ordinary:pale;t:argent;line:rayonne}];charges:[{charge:goutte;t:argent;p:y;size:0.5}];shield:heater},https://watabou.github.io/village-generator/?pop=563&name=Solafsfjor&seed=7531122100526&width=1000&height=488&style=default&tags=estuary%2Chighway%2Cuncultivated%2Cno+square%2Cdense
527,Viacas,Fronhas,Fronhas County,Barolia,Principality of Barolia,Portuzian,Chaminta Pantheon,village,1823,1809.15,415.21,10.58,159.22,13,64°F,Barcelona (Spain),,,,,,,,{t1:azure;charges:[{charge:billet;t:or;p:e;size:1.5}];shield:renaissance},https://watabou.github.io/village-generator/?pop=1823&name=Viacas&seed=7531122100527&width=1600&height=780&style=default&tags=estuary%2Cisolated%2Cuncultivated%2Cno+square%2Cdense
528,Aberkunosin,Abercabercia,Abercabercia Barony,Arvicola,Arvicolan Empire,Keltan,Keltan Spirits,village,1331,1520.67,438.09,6.2,105.13,2392,57°F,Washington (D.C.),,,,walls,,,,{t1:azure;ordinaries:[{ordinary:bar;t:or;line:straight}];charges:[{charge:key;t:gules;p:def;size:0.3}];shield:oval},https://watabou.github.io/village-generator/?pop=1331&name=Aberkunosin&seed=7531122100528&width=1400&height=683&style=default&tags=highway%2Cno+square%2Cpalisade%2Cdense
529,Mez,Leintzpia,Leintzpia County,Presia,Principality of Presia,Euskati,Euskati Ancestors,town,8783,418.9,515.82,-8.67,-101.46,3573,50°F,London (England),,,,,,,,{t1:vert;ordinaries:[{ordinary:fess;t:argent;line:straight}];charges:[{charge:mulletPierced;t:gules;p:def;size:0.5}];shield:oldFrench},https://watabou.github.io/city-generator/?name=Mez&population=8783&size=29&seed=7531122100529&river=1&coast=0&farms=1&citadel=0&urban_castle=0&hub=0&plaza=0&greens=0&temple=0&walls=0&shantytown=0&style=natural
530,Capramanonia,Vericupi,Vericupi Parish,Casteleria,Divine Principality of Casteleria,Tallian,Vepar Pantheon,town,7230,1516.63,580.43,-21.03,104.37,472,59°F,Rome (Italy),,,,,,,,{t1:argent;division:{division:perPale;t:azure;line:straight};ordinaries:[{ordinary:pale;t:gules;line:straight}];charges:[{charge:apple;t:or;p:b;t2:or;size:0.7}];shield:horsehead},https://watabou.github.io/city-generator/?name=Capramanonia&population=7230&size=27&seed=7531122100530&river=0&coast=0&farms=1&citadel=0&urban_castle=0&hub=0&plaza=0&greens=0&temple=0&walls=0&shantytown=0&style=natural
531,Ingnyronte,Ingnyronte,Ingnyronte Parish,Piereia,Bishopric of Piereia,Luari,Fercellesism,city,13026,328.09,336.81,25.57,-118.48,52,52°F,Antwerp (Belgium),,port,,,plaza,,,{t1:gules;ordinaries:[{ordinary:pileInBend;t:argent}];charges:[{charge:plaice;t:gules;p:e;t2:gules;size:0.5}];shield:french},https://watabou.github.io/city-generator/?name=Ingnyronte&population=13026&size=34&seed=7531122100531&river=0&coast=1&farms=1&citadel=0&urban_castle=0&hub=0&plaza=1&greens=1&temple=0&walls=0&shantytown=0&style=natural&sea=0.65
532,Iolicoscu,Naucreia,Naucreia Parish,Lalylisia,Exarchate of Lalylisia,Elladan,Gourm Pantheon,town,12538,585.2,365.51,20.08,-70.27,266,57°F,Washington (D.C.),,,,,,,,{t1:argent;charges:[{charge:crossCercelee;t:gules;p:e;size:1.5}];shield:boeotian},https://watabou.github.io/city-generator/?name=Iolicoscu&population=12538&size=34&seed=7531122100532&river=0&coast=0&farms=1&citadel=0&urban_castle=0&hub=1&plaza=0&greens=0&temple=0&walls=0&shantytown=0&style=natural
533,Brosachs,Brosachs,Brosachs County,Rocano,Grand Duchy of Rocano,Keltan,Keltan Spirits,town,12252,1416.62,373.24,18.6,85.62,840,54°F,Paris (France),,,,,,,,{t1:vert;division:{division:perFess;t:or;line:nebuly};charges:[{charge:scissors;t:argent;p:k;size:0.7};{charge:bookClosed;t:azure;p:n;size:0.7}];shield:oval},https://watabou.github.io/city-generator/?name=Brosachs&population=12252&size=33&seed=7531122100533&river=0&coast=0&farms=0&citadel=0&urban_castle=0&hub=0&plaza=0&greens=0&temple=0&walls=0&shantytown=0&style=natural
534,Ziernibarra,Ziernibarra,Ziernibarra County,Erantzia,Kingdom of Erantzia,Euskati,Euskati Ancestors,town,5447,410.29,516.14,-8.73,-103.07,4738,43°F,Stockholm (Sweden),,,citadel,,,,,{t1:pappellony2-argent-purpure-small;charges:[{charge:anchor;t:gules;p:e;size:1.5}];shield:oldFrench},https://watabou.github.io/city-generator/?name=Ziernibarra&population=5447&size=25&seed=7531122100534&river=1&coast=0&farms=1&citadel=1&urban_castle=1&hub=0&plaza=0&greens=0&temple=0&walls=0&shantytown=0&style=natural
535,Tinor,Tinor,Tinor County,Lydonland,Kingdom of Lydonland,Angshire,Angshire Spirits,town,10007,1084.47,606.65,-26.04,23.34,643,54°F,Paris (France),,,,walls,,,,{t1:chequy-azure-argent;division:{division:perCross;t:argent;line:straight};ordinaries:[{ordinary:fess;t:or;line:straight}];shield:wedged},https://watabou.github.io/city-generator/?name=Tinor&population=10007&size=31&seed=7531122100535&river=0&coast=0&farms=1&citadel=0&urban_castle=0&hub=1&plaza=0&greens=0&temple=0&walls=1&shantytown=0&style=natural
536,Temblerala,Temblerala,Temblerala Seneschalty,Padamia,Grand Duchy of Padamia,Astellian,Occultism of the Chief of Lightning,town,6824,205.3,516,-8.7,-141.51,30,64°F,Barcelona (Spain),,,,,,,,{t1:argent;ordinaries:[{ordinary:crossParted;t:gules;line:indented}];charges:[{charge:fusil;t:sable;p:jln;size:0.7}];shield:spanish},https://watabou.github.io/city-generator/?name=Temblerala&population=6824&size=27&seed=7531122100536&river=0&coast=0&farms=1&citadel=0&urban_castle=0&hub=0&plaza=0&greens=0&temple=0&walls=0&shantytown=0&style=natural
537,Flokleigh,Hinckhampia,Hinckhampia County,Lydonland,Kingdom of Lydonland,Angshire,Angshire Spirits,town,2092,1081.02,567.95,-18.64,22.69,118,61°F,Dubrovnik (Croatia),,port,,,,,,{t1:chequy-azure-argent;ordinaries:[{ordinary:chevronReversed;t:or}];charges:[{charge:basilisk;t:argent;p:b;t2:argent;t3:argent;size:0.5}];shield:wedged},https://watabou.github.io/city-generator/?name=Flokleigh&population=2092&size=17&seed=7531122100537&river=0&coast=1&farms=1&citadel=0&urban_castle=0&hub=0&plaza=0&greens=0&temple=0&walls=0&shantytown=0&style=natural&sea=0.26
538,Lancy,Orvileurs,Orvileurs County,Presia,Principality of Presia,Luari,Fercellesism,town,3039,410.3,361.63,20.83,-103.07,52,55°F,Milan (Italy),,,,,,,,{t1:barry-vert-argent;ordinaries:[{ordinary:pileInBendSinister;t:or}];shield:french},https://watabou.github.io/city-generator/?name=Lancy&population=3039&size=20&seed=7531122100538&river=1&coast=0&farms=1&citadel=0&urban_castle=0&hub=0&plaza=0&greens=0&temple=0&walls=0&shantytown=0&style=natural
539,Taurilip,Taurilip,Taurilip Parish,Bhryreria,Patriarchate of Bhryreria,Elladan,Gourm Pantheon,town,9664,842.25,365.04,20.17,-22.08,13,59°F,Rome (Italy),,,citadel,,,,,{t1:vert;division:{division:perCross;t:or;line:urdy};charges:[{charge:crossLatin;t:argent;p:jo;size:0.7}];shield:boeotian},https://watabou.github.io/city-generator/?name=Taurilip&population=9664&size=31&seed=7531122100539&river=1&coast=0&farms=1&citadel=1&urban_castle=0&hub=0&plaza=0&greens=0&temple=0&walls=0&shantytown=0&style=natural
540,Euriesari,Bonimbri,Bonimbri Governorate,Viroval,Republic of Viroval,Romian,Ponstatra Deities,village,1221,1207.85,601.09,-24.98,46.47,1312,52°F,Antwerp (Belgium),,,,,,,,{t1:azure;ordinaries:[{ordinary:chief;t:or;line:engrailed}];charges:[{charge:escallop;t:azure;p:abc;size:0.5}];shield:roman},https://watabou.github.io/village-generator/?pop=1221&name=Euriesari&seed=7531122100540&width=1400&height=683&style=default&tags=highway%2Cno+square%2Cdense
541,Sistoralen,Marnorum,Marnorum Governorate,Viroval,Republic of Viroval,Romian,Ponstatra Deities,town,4699,1162.67,522.49,-9.94,38,554,63°F,Lisbon (Portugal),,,,,,,,{t1:azure;charges:[{charge:billet;t:argent;p:bhdf;size:0.5}];shield:roman},https://watabou.github.io/city-generator/?name=Sistoralen&population=4699&size=23&seed=7531122100541&river=0&coast=0&farms=1&citadel=0&urban_castle=0&hub=0&plaza=0&greens=0&temple=0&walls=0&shantytown=0&style=natural
542,Bhryrepios,Kyriaras,Kyriaras Parish,Bhryreria,Patriarchate of Bhryreria,Elladan,Gourm Pantheon,town,4627,831.15,333.44,26.22,-24.16,161,50°F,London (England),,,,,,,,{t1:gules;charges:[{charge:fan;t:argent;p:e;t2:argent;size:1.5}];shield:boeotian},https://watabou.github.io/city-generator/?name=Bhryrepios&population=4627&size=23&seed=7531122100542&river=0&coast=0&farms=1&citadel=0&urban_castle=0&hub=0&plaza=0&greens=0&temple=0&walls=0&shantytown=0&style=natural
543,Kiuhajarven,Tusianito,Tusianito Deanery,Casteleria,Divine Principality of Casteleria,Soumi,Vepar Pantheon,village,304,1536.51,667.86,-37.75,108.1,738,45°F,Montreal (Canada),,,,,,,,{t1:vert;charges:[{charge:bridge;t:argent;p:e;size:1.5}];shield:pavise},https://watabou.github.io/village-generator/?pop=304&name=Kiuhajarven&seed=7531122100543&width=800&height=390&style=default&tags=dead+end%2Cuncultivated%2Cno+square%2Cdense
544,Vebuo,Nelale,Nelale County,Arvicola,Arvicolan Empire,Tallian,Tallian Spirits,town,4153,1539.7,502.73,-6.17,108.69,1890,59°F,Rome (Italy),,,,,,,,{t1:azure;charges:[{charge:griffinRampant;t:or;p:e;t2:or;t3:or;size:1.5}];shield:horsehead},https://watabou.github.io/city-generator/?name=Vebuo&population=4153&size=22&seed=7531122100544&river=0&coast=0&farms=1&citadel=0&urban_castle=0&hub=0&plaza=0&greens=0&temple=0&walls=0&shantytown=0&style=natural
545,Flecheiro,Flecheiro,Flecheiro Barony,Arvicola,Arvicolan Empire,Portuzian,Chaminta Pantheon,town,7551,1630.03,373.36,18.58,125.63,4252,45°F,Montreal (Canada),,,,,,,,{t1:vert;ordinaries:[{ordinary:gemelle;t:or;line:straight}];charges:[{charge:fly;t:argent;p:abc;t2:or;t3:argent;size:0.5}];shield:renaissance},https://watabou.github.io/city-generator/?name=Flecheiro&population=7551&size=28&seed=7531122100545&river=0&coast=0&farms=1&citadel=0&urban_castle=0&hub=0&plaza=0&greens=0&temple=0&walls=0&shantytown=0&style=natural
546,Nertusidi,Drurum,Drurum Governorate,Viroval,Republic of Viroval,Romian,Ponstatra Deities,village,1140,1340.8,634.29,-31.33,71.4,840,48°F,Copenhagen (Denmark),,,,,,,,{t1:azure;charges:[{charge:roundel2;t:argent;p:jln;size:0.7}];shield:roman},https://watabou.github.io/village-generator/?pop=1140&name=Nertusidi&seed=7531122100546&width=1400&height=683&style=default&tags=highway%2Cno+square%2Cdense
547,Ioles,Hesia,Hesia Parish,Bhryreria,Patriarchate of Bhryreria,Elladan,Gourm Pantheon,village,1823,650.57,305.24,31.61,-58.02,30,46°F,Prague (Czechia),,port,citadel,,,,,{t1:gules;charges:[{charge:lymphad;t:argent;p:e;t2:argent;t3:argent;size:1.5}];shield:boeotian},https://watabou.github.io/village-generator/?pop=1823&name=Ioles&seed=7531122100547&width=1600&height=780&style=default&tags=coast%2Chighway%2Cno+square%2Cdense
548,Ogstur,Zaleria,Zaleria County,Erantzia,Kingdom of Erantzia,Norse,Norse Forefathers,town,2083,344.62,546.94,-14.62,-115.38,6352,39°F,Reykjavik (Iceland),,,,,,,,{t1:masoned-or-sable;division:{division:perBendSinister;t:vert;line:straight};shield:heater},https://watabou.github.io/city-generator/?name=Ogstur&population=2083&size=17&seed=7531122100548&river=0&coast=0&farms=0&citadel=0&urban_castle=0&hub=0&plaza=0&greens=0&temple=0&walls=0&shantytown=0&style=natural
549,Laberg,Aray,Aray County,Arvicola,Arvicolan Empire,Keltan,Keltan Spirits,village,1094,1502.1,386.91,15.99,101.64,1447,55°F,Milan (Italy),,,,,,,,{t1:gules;charges:[{charge:cancer;t:argent;p:e;size:1.5}];shield:oval},https://watabou.github.io/village-generator/?pop=1094&name=Laberg&seed=7531122100549&width=1400&height=683&style=default&tags=highway%2Cno+square%2Cdense
550,Seaveroe,Tinor,Tinor County,Lydonland,Kingdom of Lydonland,Angshire,Angshire Spirits,town,3603,1094.11,615.32,-27.7,25.15,840,52°F,Antwerp (Belgium),,,,,,,,{t1:argent;division:{division:perCross;t:azure;line:straight};charges:[{charge:boarRampant;t:sable;p:e;t2:sable;t3:sable;size:1.5}];shield:wedged},https://watabou.github.io/city-generator/?name=Seaveroe&population=3603&size=21&seed=7531122100550&river=0&coast=0&farms=1&citadel=0&urban_castle=0&hub=0&plaza=0&greens=0&temple=0&walls=0&shantytown=0&style=natural
551,Kaltelen,Erdemdelen,Erdemdelen Earldom,Esenkoryurt,Esenkoryurt Khaganate,Turchian,Turchian Spirits,town,5615,912.42,730.8,-49.79,-8.92,840,32°F,Murmansk (Russia),,,,,,,,{t1:gules;charges:[{charge:escallop;t:argent;p:e;size:1.5}];shield:round},https://watabou.github.io/city-generator/?name=Kaltelen&population=5615&size=25&seed=7531122100551&river=0&coast=0&farms=0&citadel=0&urban_castle=0&hub=0&plaza=0&greens=0&temple=0&walls=0&shantytown=0&style=natural
552,Huittudas,Koriluvepo,Koriluvepo Parish,Casteleria,Divine Principality of Casteleria,Soumi,Vepar Pantheon,town,4050,1654.5,660.92,-36.42,130.22,13,46°F,Prague (Czechia),,port,,,,,,{t1:sable;charges:[{charge:basilisk;t:or;p:e;t2:or;t3:argent;size:1.5}];shield:pavise},https://watabou.github.io/city-generator/?name=Huittudas&population=4050&size=22&seed=7531122100552&river=0&coast=1&farms=1&citadel=0&urban_castle=0&hub=0&plaza=0&greens=0&temple=0&walls=0&shantytown=0&style=natural&sea=0.55
553,Ayazkalasu,Sunguryurt,Sunguryurt Earldom,Esenkoryurt,Esenkoryurt Khaganate,Turchian,Turchian Spirits,town,8915,780.14,583.54,-21.62,-33.72,118,61°F,Dubrovnik (Croatia),,port,,,,,,{t1:gules;division:{division:perPile;t:argent;line:straight};ordinaries:[{ordinary:crossParted;t:or;line:straight}];charges:[{charge:escallop;t:vert;p:e;size:1.5}];shield:round},https://watabou.github.io/city-generator/?name=Ayazkalasu&population=8915&size=30&seed=7531122100553&river=1&coast=1&farms=1&citadel=0&urban_castle=0&hub=1&plaza=0&greens=0&temple=0&walls=0&shantytown=0&style=natural
554,Ennessoy,Chanville,Chanville Deanery,Piereia,Bishopric of Piereia,Luari,Fercellesism,town,2433,214.3,418,10.04,-139.82,30,64°F,Barcelona (Spain),,,citadel,,,,,{t1:vert;ordinaries:[{ordinary:bar;t:or;line:straight}];charges:[{charge:annulet;t:gules;p:def;size:0.3}];shield:french},https://watabou.github.io/city-generator/?name=Ennessoy&population=2433&size=18&seed=7531122100554&river=0&coast=0&farms=1&citadel=1&urban_castle=1&hub=0&plaza=0&greens=0&temple=0&walls=0&shantytown=0&style=natural
555,Sparmagapo,Mylia,Mylia Deanery,Lalylisia,Exarchate of Lalylisia,Elladan,Gourm Pantheon,village,1760,544.21,452.79,3.39,-77.96,266,64°F,Barcelona (Spain),,port,,,,,,{t1:argent;charges:[{charge:crossCercelee;t:azure;p:e;size:1.5}];shield:boeotian},https://watabou.github.io/village-generator/?pop=1760&name=Sparmagapo&seed=7531122100555&width=1600&height=780&style=default&tags=coast%2Chighway%2Cno+square%2Cdense
556,Kiszagy,Dombrabia,Dombrabia Shire,Tiszalgaria,Kingdom of Tiszalgaria,Vengrian,Gods of the Sapphire Numen,town,3278,1326.06,456.28,2.72,68.64,397,64°F,Barcelona (Spain),,,,,,,,{t1:azure;ordinaries:[{ordinary:fess;t:argent;line:embattledGrady}];charges:[{charge:lionHeadCaboshed;t:azure;p:def;t2:azure;size:0.5}];shield:horsehead2},https://watabou.github.io/city-generator/?name=Kiszagy&population=3278&size=20&seed=7531122100556&river=1&coast=0&farms=1&citadel=0&urban_castle=0&hub=0&plaza=0&greens=0&temple=0&walls=0&shantytown=0&style=natural
557,Baginisca,Baginisca,Baginisca Barony,Arvicola,Arvicolan Empire,Tallian,Tallian Spirits,city,18628,1445.99,540.69,-13.43,91.12,840,61°F,Dubrovnik (Croatia),,,citadel,walls,,,,{t1:purpure;charges:[{charge:inescutcheon;t:or;p:abc;size:0.5}];shield:horsehead},https://watabou.github.io/city-generator/?name=Baginisca&population=18628&size=39&seed=7531122100557&river=0&coast=0&farms=1&citadel=1&urban_castle=0&hub=0&plaza=0&greens=0&temple=0&walls=1&shantytown=0&style=natural
558,Mortemazoche,Mortemazoche,Mortemazoche County,Presia,Principality of Presia,Luari,Fercellesism,town,11425,464.49,399.35,13.61,-92.91,643,61°F,Dubrovnik (Croatia),,,,walls,,,,{t1:azure;ordinaries:[{ordinary:fess;t:argent;line:straight}];charges:[{charge:scale;t:purpure;p:def;t2:or;size:0.5}];shield:french},https://watabou.github.io/city-generator/?name=Mortemazoche&population=11425&size=33&seed=7531122100558&river=0&coast=0&farms=0&citadel=0&urban_castle=0&hub=0&plaza=0&greens=0&temple=0&walls=1&shantytown=0&style=natural
559,Gorgos,Kalalia,Kalalia Parish,Lalylisia,Exarchate of Lalylisia,Elladan,Gourm Pantheon,town,12235,570.89,445.39,4.8,-72.96,266,64°F,Barcelona (Spain),,,,,,,,{t1:vert;charges:[{charge:column;t:argent;p:abc;size:0.5}];shield:boeotian},https://watabou.github.io/city-generator/?name=Gorgos&population=12235&size=33&seed=7531122100559&river=0&coast=0&farms=1&citadel=0&urban_castle=0&hub=0&plaza=0&greens=0&temple=0&walls=0&shantytown=0&style=natural
560,Caxias,Fronhas,Fronhas County,Barolia,Principality of Barolia,Portuzian,Chaminta Pantheon,town,7127,1766.99,452.4,3.46,151.31,82,66°F,Marrakesh (Morocco),,,,,plaza,,,{t1:vert;charges:[{charge:heart;t:or;p:jln;size:0.7}];shield:renaissance},https://watabou.github.io/city-generator/?name=Caxias&population=7127&size=27&seed=7531122100560&river=1&coast=0&farms=1&citadel=0&urban_castle=0&hub=0&plaza=1&greens=1&temple=0&walls=0&shantytown=0&style=natural
561,Yelgar,Yelgar,Yelgar Margrave,Esenkoryurt,Esenkoryurt Khaganate,Turchian,Turchian Spirits,city,13658,929.58,579.27,-20.81,-5.7,82,61°F,Dubrovnik (Croatia),,,,,,,,{t1:argent;charges:[{charge:harp;t:gules;p:e;t2:gules;size:1.5}];shield:round},https://watabou.github.io/city-generator/?name=Yelgar&population=13658&size=35&seed=7531122100561&river=1&coast=0&farms=1&citadel=0&urban_castle=0&hub=0&plaza=0&greens=0&temple=0&walls=0&shantytown=0&style=natural
562,Helscom,Mabingdon,Mabingdon County,Lydonland,Kingdom of Lydonland,Angshire,Angshire Spirits,village,1622,1047.26,546.02,-14.45,16.36,52,63°F,Lisbon (Portugal),,port,,,,,,{t1:chequy-azure-argent;charges:[{charge:sickle;t:argent;p:e;t2:argent;size:1.5}];shield:wedged},https://watabou.github.io/village-generator/?pop=1622&name=Helscom&seed=7531122100562&width=1600&height=780&style=default&tags=coast%2Chighway%2Cno+square%2Cdense
563,Villeaulonne,Ernoy,Ernoy Parish,Piereia,Bishopric of Piereia,Luari,Fercellesism,town,9968,327,380.95,17.13,-118.69,554,59°F,Rome (Italy),,,citadel,,,,,{t1:semy_of_mullet4-azure-argent;division:{division:perPale;t:or;line:straight};ordinaries:[{ordinary:orle;t:gules}];shield:french},https://watabou.github.io/city-generator/?name=Villeaulonne&population=9968&size=31&seed=7531122100563&river=0&coast=0&farms=1&citadel=1&urban_castle=0&hub=1&plaza=0&greens=0&temple=0&walls=0&shantytown=0&style=natural
564,Clauroma,Nonaquenia,Nonaquenia Governorate,Viroval,Republic of Viroval,Romian,Ponstatra Deities,town,3614,1391.7,675.99,-39.31,80.94,472,41°F,Harbin (China),,,,,,,,{t1:azure;charges:[{charge:dragonPassant;t:argent;p:e;t2:argent;t3:argent;size:1.5}];shield:roman},https://watabou.github.io/city-generator/?name=Clauroma&population=3614&size=21&seed=7531122100564&river=0&coast=0&farms=1&citadel=0&urban_castle=0&hub=0&plaza=0&greens=0&temple=0&walls=0&shantytown=0&style=natural
565,Bagnanovia,Cermiasia,Cermiasia Deanery,Sampi,Brotherhood of Sampi,Tallian,Sgurcelan Deities,town,6041,1137.02,328.51,27.16,33.19,118,50°F,London (England),,,,,,,,{t1:barry-argent-sable;ordinaries:[{ordinary:pale;t:vert;line:straight}];charges:[{charge:comet;t:argent;p:beh;size:0.5}];shield:horsehead},https://watabou.github.io/city-generator/?name=Bagnanovia&population=6041&size=26&seed=7531122100565&river=0&coast=0&farms=1&citadel=0&urban_castle=0&hub=0&plaza=0&greens=0&temple=0&walls=0&shantytown=0&style=natural
566,Esagus,Leveverodu,Leveverodu Governorate,Viroval,Republic of Viroval,Romian,Ponstatra Deities,town,5063,1525.14,698.18,-43.55,105.96,643,39°F,Reykjavik (Iceland),,,,,,,,{t1:azure;ordinaries:[{ordinary:bendlet;t:or;line:rayonne}];charges:[{charge:millstone;t:vert;p:joe;size:0.3}];shield:roman},https://watabou.github.io/city-generator/?name=Esagus&population=5063&size=24&seed=7531122100566&river=0&coast=0&farms=1&citadel=0&urban_castle=0&hub=0&plaza=0&greens=0&temple=0&walls=0&shantytown=0&style=natural
567,Pydros,Empia,Empia Parish,Bhryreria,Patriarchate of Bhryreria,Elladan,Gourm Pantheon,town,5869,681.48,458.6,2.28,-52.22,52,66°F,Marrakesh (Morocco),,,,,,,,{t1:or;division:{division:perPile;t:gules;line:straight};charges:[{charge:lizard;t:sable;p:be;divided:counter;size:0.5}];shield:boeotian},https://watabou.github.io/city-generator/?name=Pydros&population=5869&size=25&seed=7531122100567&river=1&coast=0&farms=1&citadel=0&urban_castle=0&hub=0&plaza=0&greens=0&temple=0&walls=0&shantytown=0&style=natural
568,Farci,Fonguilfor,Fonguilfor Parish,Sampi,Brotherhood of Sampi,Tallian,Sgurcelan Deities,town,6848,1161.57,331.94,26.5,37.79,328,48°F,Copenhagen (Denmark),,,,walls,,,,{t1:argent;charges:[{charge:horseshoe;t:gules;p:e;size:1.5}];shield:horsehead},https://watabou.github.io/city-generator/?name=Farci&population=6848&size=27&seed=7531122100568&river=0&coast=0&farms=1&citadel=0&urban_castle=0&hub=0&plaza=0&greens=0&temple=0&walls=1&shantytown=0&style=natural
569,Delekbanyhari,Delekbanyhari,Delekbanyhari County,Tiszalgaria,Kingdom of Tiszalgaria,Vengrian,Gods of the Sapphire Numen,town,11604,1191.18,413.66,10.87,43.35,118,64°F,Barcelona (Spain),,port,,walls,,,,{t1:argent;division:{division:perSaltire;t:purpure};shield:horsehead2},https://watabou.github.io/city-generator/?name=Delekbanyhari&population=11604&size=33&seed=7531122100569&river=0&coast=1&farms=0&citadel=0&urban_castle=0&hub=0&plaza=0&greens=0&temple=0&walls=1&shantytown=0&style=natural&sea=0.57
570,Cesavaquin,Canscia,Canscia Governorate,Viroval,Republic of Viroval,Romian,Ponstatra Deities,town,9189,1127.55,423.27,9.03,31.42,397,63°F,Lisbon (Portugal),,port,,,,,,{t1:gules;charges:[{charge:anchor;t:or;p:jlh;size:0.7}];shield:roman},https://watabou.github.io/city-generator/?name=Cesavaquin&population=9189&size=30&seed=7531122100570&river=0&coast=1&farms=1&citadel=0&urban_castle=0&hub=0&plaza=0&greens=0&temple=0&walls=0&shantytown=0&style=natural&sea=0.76
571,Caltaure,Caltaure,Caltaure Province,Viroval,Republic of Viroval,Romian,Ponstatra Deities,town,11575,1118.77,453.87,3.18,29.77,161,66°F,Marrakesh (Morocco),,,,,plaza,,,{t1:purpure;ordinaries:[{ordinary:chief;t:argent;line:straight}];charges:[{charge:lambPassantReguardant;t:purpure;p:abc;t2:purpure;size:0.5;sinister:1}];shield:roman},https://watabou.github.io/city-generator/?name=Caltaure&population=11575&size=33&seed=7531122100571&river=0&coast=0&farms=1&citadel=0&urban_castle=0&hub=0&plaza=1&greens=1&temple=0&walls=0&shantytown=0&style=natural
572,Zesko,Zezukarre,Zezukarre Earldom,Beytekyurt,Beytekyurt Horde,Euskati,Euskati Ancestors,town,6599,566.3,670.7,-38.3,-73.82,30,46°F,Prague (Czechia),,,,,,,,{t1:or;charges:[{charge:ramHeadErased;t:gules;p:e;t2:gules;t3:gules;size:1.5}];shield:oldFrench},https://watabou.github.io/city-generator/?name=Zesko&population=6599&size=26&seed=7531122100572&river=0&coast=0&farms=1&citadel=0&urban_castle=0&hub=0&plaza=0&greens=0&temple=0&walls=0&shantytown=0&style=natural
573,Mirara,Mirara,Mirara County,Barolia,Principality of Barolia,Portuzian,Chaminta Pantheon,town,9138,1620.51,489.68,-3.67,123.85,161,66°F,Marrakesh (Morocco),,port,citadel,,,,,{t1:argent;division:{division:perCross;t:purpure;line:indented};charges:[{charge:crossHummetty;t:azure;p:e;size:1.5}];shield:renaissance},https://watabou.github.io/city-generator/?name=Mirara&population=9138&size=30&seed=7531122100573&river=1&coast=1&farms=0&citadel=1&urban_castle=0&hub=0&plaza=0&greens=0&temple=0&walls=0&shantytown=0&style=natural
574,Theopodes,Musis,Musis Parish,Lalylisia,Exarchate of Lalylisia,Elladan,Gourm Pantheon,village,1145,575.62,503.61,-6.33,-72.07,1312,61°F,Dubrovnik (Croatia),,,,,,,,{t1:argent;ordinaries:[{ordinary:fess;t:azure;line:straight}];charges:[{charge:fusil;t:or;p:def;size:0.5}];shield:boeotian},https://watabou.github.io/village-generator/?pop=1145&name=Theopodes&seed=7531122100574&width=1400&height=683&style=default&tags=highway%2Cno+square%2Cdense
575,Nypethepoi,Fornautach,Fornautach Parish,Lalylisia,Exarchate of Lalylisia,Elladan,Gourm Pantheon,village,1930,599.08,347.18,23.59,-67.67,210,52°F,Antwerp (Belgium),,,,,,,,{t1:azure;charges:[{charge:scaleImbalanced;t:argent;p:e;t2:argent;size:1.5}];shield:boeotian},https://watabou.github.io/village-generator/?pop=1930&name=Nypethepoi&seed=7531122100575&width=1600&height=780&style=default&tags=dead+end%2Cno+square%2Cdense
576,Tyriarynt,Itrosia,Itrosia Parish,Bhryreria,Patriarchate of Bhryreria,Elladan,Gourm Pantheon,village,983,758.69,455.46,2.88,-37.75,13,66°F,Marrakesh (Morocco),,port,,,,,,{t1:or;charges:[{charge:cavalier;t:vert;p:e;t2:sable;t3:vert;size:1.5}];shield:boeotian},https://watabou.github.io/village-generator/?pop=983&name=Tyriarynt&seed=7531122100576&width=1000&height=488&style=default&tags=coast%2Cdead+end%2Cno+square%2Cdense
577,Yelde,Enev,Enev Earldom,Esenkoryurt,Esenkoryurt Khaganate,Turchian,Turchian Spirits,town,3757,695.81,614.75,-27.59,-49.54,210,55°F,Milan (Italy),,,,,,,,{t1:gules;ordinaries:[{ordinary:flaunches;t:or}];charges:[{charge:crossPattee;t:argent;p:e;size:1.5}];shield:round},https://watabou.github.io/city-generator/?name=Yelde&population=3757&size=21&seed=7531122100577&river=0&coast=0&farms=1&citadel=0&urban_castle=0&hub=0&plaza=0&greens=0&temple=0&walls=0&shantytown=0&style=natural
578,Boytayay,Yaz,Yaz Margrave,Esenkoryurt,Esenkoryurt Khaganate,Turchian,Turchian Spirits,village,1854,868.42,672.95,-38.73,-17.17,1184,39°F,Reykjavik (Iceland),,,,walls,,,,{t1:vert;ordinaries:[{ordinary:cross;t:argent;line:straight}];charges:[{charge:crossSaltire;t:vert;p:behdf;size:0.3}];shield:round},https://watabou.github.io/village-generator/?pop=1854&name=Boytayay&seed=7531122100578&width=1600&height=780&style=snow&tags=dead+end%2Cuncultivated%2Cno+square%2Cpalisade%2Cdense
579,Kaya,Alteli,Alteli Barony,Beytekyurt,Beytekyurt Horde,Turchian,Turchian Spirits,village,1202,644.11,648.16,-33.98,-59.23,2218,39°F,Reykjavik (Iceland),,,,,,,,{t1:sable;charges:[{charge:scissors;t:or;p:e;size:1.5}];shield:round},https://watabou.github.io/village-generator/?pop=1202&name=Kaya&seed=7531122100579&width=1400&height=683&style=snow&tags=highway%2Cno+square%2Cdense
580,Driebes,Ludequejar,Ludequejar County,Alverenia,Duchy of Alverenia,Astellian,Occultism of the Chief of Lightning,town,7467,234.76,647.2,-33.8,-135.98,1588,43°F,Stockholm (Sweden),,,,,,,,{t1:sable;ordinaries:[{ordinary:terrace;t:or;line:embattledNotched}];charges:[{charge:annulet;t:argent;p:e;size:1.5}];shield:spanish},https://watabou.github.io/city-generator/?name=Driebes&population=7467&size=28&seed=7531122100580&river=0&coast=0&farms=1&citadel=0&urban_castle=0&hub=0&plaza=0&greens=0&temple=0&walls=0&shantytown=0&style=natural
581,Vinevendi,Saconatumia,Saconatumia Governorate,Viroval,Republic of Viroval,Romian,Ponstatra Deities,village,1112,1454.41,676.75,-39.45,92.7,328,41°F,Harbin (China),,,,,,,,{t1:azure;charges:[{charge:dragonPassant;t:argent;p:jln;t2:argent;t3:argent;size:0.7}];shield:roman},https://watabou.github.io/village-generator/?pop=1112&name=Vinevendi&seed=7531122100581&width=1400&height=683&style=snow&tags=dead+end%2Cno+square%2Cdense
582,Breisbach,Ebruckia,Ebruckia Margrave,Presia,Principality of Presia,Shwazen,Deities of the Enlightened Being,town,2213,487.97,350.09,23.03,-88.51,13,55°F,Milan (Italy),,,,,,,,{t1:potentInPale-purpure-argent-small;ordinaries:[{ordinary:pale;t:or;line:straight}];shield:swiss},https://watabou.github.io/city-generator/?name=Breisbach&population=2213&size=18&seed=7531122100582&river=1&coast=0&farms=1&citadel=0&urban_castle=0&hub=0&plaza=0&greens=0&temple=0&walls=0&shantytown=0&style=natural
583,Huernallori,Ludequejar,Ludequejar County,Alverenia,Duchy of Alverenia,Astellian,Occultism of the Chief of Lightning,town,5218,224.53,602.27,-25.21,-137.9,4990,39°F,Reykjavik (Iceland),,,,,,,,{t1:argent;ordinaries:[{ordinary:fess;t:sable;line:enclavy}];charges:[{charge:spear;t:argent;p:def;t2:argent;size:0.5}];shield:spanish},https://watabou.github.io/city-generator/?name=Huernallori&population=5218&size=24&seed=7531122100583&river=0&coast=0&farms=1&citadel=0&urban_castle=0&hub=0&plaza=0&greens=0&temple=0&walls=0&shantytown=0&style=natural
584,Tethatomaz,Lonyalaszlia,Lonyalaszlia Earldom,Tiszalgaria,Kingdom of Tiszalgaria,Vengrian,Gods of the Sapphire Numen,town,4816,1299.04,508.8,-7.33,63.57,1312,61°F,Dubrovnik (Croatia),,,,,,,,{t1:or;charges:[{charge:greyhoundRampant;t:vert;p:e;t2:vert;size:1.5}];shield:horsehead2},https://watabou.github.io/city-generator/?name=Tethatomaz&population=4816&size=23&seed=7531122100584&river=0&coast=0&farms=0&citadel=0&urban_castle=0&hub=0&plaza=0&greens=0&temple=0&walls=0&shantytown=0&style=natural
585,Mheavonner,Beisaberia,Beisaberia Margrave,Arvicola,Arvicolan Empire,Keltan,Keltan Spirits,town,3996,1630.84,274.94,37.41,125.78,13,36°F,Anchorage (Alaska),,,,,,,,{t1:argent;division:{division:perBend;t:sable;line:straight};charges:[{charge:ramHeadErased;t:gules;p:lm;t2:gules;t3:azure;divided:counter;size:0.7}];shield:oval},https://watabou.github.io/city-generator/?name=Mheavonner&population=3996&size=22&seed=7531122100585&river=0&coast=0&farms=0&citadel=0&urban_castle=0&hub=0&plaza=0&greens=0&temple=0&walls=0&shantytown=0&style=natural
586,Nigalas,Nonaquenia,Nonaquenia Governorate,Viroval,Republic of Viroval,Romian,Ponstatra Deities,town,8716,1411.91,680.49,-40.17,84.73,1184,37°F,Tromsø (Norway),,,,,,,,{t1:vert;division:{division:perPile;t:or;line:straight};charges:[{charge:crossHummetty;t:argent;p:e;divided:counter;size:0.7}];shield:roman},https://watabou.github.io/city-generator/?name=Nigalas&population=8716&size=29&seed=7531122100586&river=0&coast=0&farms=1&citadel=0&urban_castle=0&hub=0&plaza=0&greens=0&temple=0&walls=0&shantytown=0&style=natural
587,Altaynak,Erdemdelen,Erdemdelen Earldom,Esenkoryurt,Esenkoryurt Khaganate,Turchian,Turchian Spirits,village,968,878.94,706.37,-45.12,-15.2,1312,32°F,Murmansk (Russia),,,,,,,,{t1:argent;charges:[{charge:castle2;t:azure;p:e;t2:azure;t3:sable;size:1.5}];shield:round},https://watabou.github.io/village-generator/?pop=968&name=Altaynak&seed=7531122100587&width=1000&height=488&style=snow&tags=dead+end%2Cuncultivated%2Cno+orchards%2Cno+square%2Cdense
588,Aeleurolis,Corgiphos,Corgiphos Parish,Bhryreria,Patriarchate of Bhryreria,Elladan,Gourm Pantheon,town,2653,792.6,373.9,18.48,-31.39,118,59°F,Rome (Italy),,,,,,,,{t1:gules;ordinaries:[{ordinary:cross;t:argent;line:dentilly}];charges:[{charge:mullet6;t:gules;p:beh;size:0.3}];shield:boeotian},https://watabou.github.io/city-generator/?name=Aeleurolis&population=2653&size=19&seed=7531122100588&river=0&coast=0&farms=1&citadel=0&urban_castle=0&hub=0&plaza=0&greens=0&temple=0&walls=0&shantytown=0&style=natural
589,Rutegitari,Drurum,Drurum Governorate,Viroval,Republic of Viroval,Romian,Ponstatra Deities,town,2924,1353.46,672.58,-38.66,73.77,643,45°F,Montreal (Canada),,port,,,,,,{t1:gules;charges:[{charge:lymphad;t:argent;p:e;t2:argent;t3:or;size:1.5}];shield:roman},https://watabou.github.io/city-generator/?name=Rutegitari&population=2924&size=19&seed=7531122100589&river=0&coast=1&farms=1&citadel=0&urban_castle=0&hub=0&plaza=0&greens=0&temple=0&walls=0&shantytown=0&style=natural&sea=1.38
590,Kolu,Kolu,Kolu Barony,Beytekyurt,Beytekyurt Horde,Turchian,Turchian Spirits,town,5757,669.8,677.2,-39.54,-54.41,118,43°F,Stockholm (Sweden),,,,,,,,{t1:bendy-argent-vert;division:{division:perSaltire;t:gules};charges:[{charge:anchor;t:purpure;p:b;size:0.5};{charge:arrowsSheaf;t:argent;p:d;size:0.5};{charge:arrow;t:argent;p:f;size:0.5};{charge:inescutcheon;t:azure;p:h;size:0.5}];shield:round},https://watabou.github.io/city-generator/?name=Kolu&population=5757&size=25&seed=7531122100590&river=0&coast=0&farms=1&citadel=0&urban_castle=0&hub=0&plaza=0&greens=0&temple=0&walls=0&shantytown=0&style=natural
591,Cexum,Victumpia,Victumpia Governorate,Viroval,Republic of Viroval,Romian,Ponstatra Deities,town,5750,1308.88,636.96,-31.84,65.42,472,50°F,London (England),,,,,,,,{t1:vairEnPointe-azure-argent;ordinaries:[{ordinary:chevron;t:or}];charges:[{charge:crossPommy;t:azure;p:ach;size:0.5}];shield:roman},https://watabou.github.io/city-generator/?name=Cexum&population=5750&size=25&seed=7531122100591&river=0&coast=0&farms=1&citadel=0&urban_castle=0&hub=0&plaza=0&greens=0&temple=0&walls=0&shantytown=0&style=natural
592,Loueiros,Barolei,Barolei County,Barolia,Principality of Barolia,Portuzian,Chaminta Pantheon,village,912,1638.36,533.43,-12.04,127.19,397,63°F,Lisbon (Portugal),,,,,,,,{t1:azure;ordinaries:[{ordinary:fess;t:argent;line:engrailed}];charges:[{charge:eagle;t:gules;p:e;t2:or;t3:argent;size:0.7}];shield:renaissance},https://watabou.github.io/village-generator/?pop=912&name=Loueiros&seed=7531122100592&width=1000&height=488&style=default&tags=dead+end%2Cno+square%2Cdense
593,Agrora,Victumpia,Victumpia Governorate,Viroval,Republic of Viroval,Romian,Ponstatra Deities,town,12426,1310.67,647.58,-33.87,65.75,472,50°F,London (England),,port,,,,,,{t1:azure;charges:[{charge:anchor;t:argent;p:jlh;size:0.7}];shield:roman},https://watabou.github.io/city-generator/?name=Agrora&population=12426&size=34&seed=7531122100593&river=0&coast=1&farms=1&citadel=0&urban_castle=0&hub=0&plaza=0&greens=0&temple=0&walls=0&shantytown=0&style=natural&sea=1.26
594,Perythmo,Bytheta,Bytheta Deanery,Ecelia,Eparchy of Ecelia,Elladan,Gourm Pantheon,town,2963,627.17,517.24,-8.94,-62.41,118,64°F,Barcelona (Spain),,,,,,,,{t1:purpure;division:{division:perPale;t:argent;line:straight};charges:[{charge:sword;t:or;p:e;t2:or;divided:counter;size:1.5;reversed:1}];shield:boeotian},https://watabou.github.io/city-generator/?name=Perythmo&population=2963&size=20&seed=7531122100594&river=0&coast=0&farms=1&citadel=0&urban_castle=0&hub=0&plaza=0&greens=0&temple=0&walls=0&shantytown=0&style=natural
595,Verparigetmik,Dombrabia,Dombrabia Shire,Tiszalgaria,Kingdom of Tiszalgaria,Vengrian,Gods of the Sapphire Numen,town,3085,1333.93,461.28,1.76,70.11,554,64°F,Barcelona (Spain),,,citadel,,,,,{t1:or;charges:[{charge:quatrefoil;t:purpure;p:e;size:1.5}];shield:horsehead2},https://watabou.github.io/city-generator/?name=Verparigetmik&population=3085&size=20&seed=7531122100595&river=0&coast=0&farms=0&citadel=1&urban_castle=0&hub=0&plaza=0&greens=0&temple=0&walls=0&shantytown=0&style=natural
596,Uzun,Alkan,Alkan Earldom,Esenkoryurt,Esenkoryurt Khaganate,Turchian,Turchian Spirits,town,4268,798.3,559.47,-17.02,-30.32,266,61°F,Dubrovnik (Croatia),,,,,,,,{t1:argent;ordinaries:[{ordinary:cross;t:azure;line:enclavy}];charges:[{charge:trefle;t:argent;p:beh;size:0.3}];shield:round},https://watabou.github.io/city-generator/?name=Uzun&population=4268&size=22&seed=7531122100596&river=0&coast=0&farms=1&citadel=0&urban_castle=0&hub=0&plaza=0&greens=0&temple=0&walls=0&shantytown=0&style=natural
597,Tentoca,Madrocia,Madrocia Shire,Padamia,Grand Duchy of Padamia,Astellian,Occultism of the Chief of Lightning,town,2349,237.46,561.22,-17.35,-135.48,1890,55°F,Milan (Italy),,,,,,,,{t1:argent;charges:[{charge:fusil;t:sable;p:beh;size:0.5}];shield:spanish},https://watabou.github.io/city-generator/?name=Tentoca&population=2349&size=18&seed=7531122100597&river=1&coast=0&farms=1&citadel=0&urban_castle=0&hub=0&plaza=0&greens=0&temple=0&walls=0&shantytown=0&style=natural
598,Akropolis,Gorme,Gorme Parish,Bhryreria,Patriarchate of Bhryreria,Elladan,Gourm Pantheon,town,10790,616.12,331.9,26.51,-64.48,30,50°F,London (England),,port,,,,,,{t1:argent;ordinaries:[{ordinary:terrace;t:gules;line:wavy}];charges:[{charge:shipWheel;t:vert;p:e;size:1.5}];shield:boeotian},https://watabou.github.io/city-generator/?name=Akropolis&population=10790&size=32&seed=7531122100598&river=1&coast=1&farms=1&citadel=0&urban_castle=0&hub=1&plaza=0&greens=0&temple=0&walls=0&shantytown=0&style=natural
599,Ostoreven,Barby,Barby Margrave,Lydonland,Kingdom of Lydonland,Angshire,Angshire Spirits,town,5980,962.03,376.96,17.89,0.38,30,61°F,Dubrovnik (Croatia),,port,,,,,,{t1:vert;ordinaries:[{ordinary:fess;t:or;line:engrailed}];charges:[{charge:billet;t:vert;p:def;size:0.5}];shield:wedged},https://watabou.github.io/city-generator/?name=Ostoreven&population=5980&size=25&seed=7531122100599&river=0&coast=1&farms=1&citadel=0&urban_castle=0&hub=0&plaza=0&greens=0&temple=0&walls=0&shantytown=0&style=natural&sea=0.49
600,Othengstet,Othengstet,Othengstet Parish,Lalylisia,Exarchate of Lalylisia,Shwazen,Deities of the Enlightened Being,city,13957,492.74,413.27,10.95,-87.61,840,61°F,Dubrovnik (Croatia),,,,,,,,{t1:gules;ordinaries:[{ordinary:bendlet;t:or;line:rayonne}];charges:[{charge:cannon;t:gules;p:joe;t2:gules;size:0.3}];shield:swiss},https://watabou.github.io/city-generator/?name=Othengstet&population=13957&size=35&seed=7531122100600&river=0&coast=0&farms=0&citadel=0&urban_castle=0&hub=0&plaza=0&greens=0&temple=0&walls=0&shantytown=0&style=natural
601,Samerbury,Thetburia,Thetburia County,Lydonland,Kingdom of Lydonland,Angshire,Angshire Spirits,town,10097,1002.67,672.96,-38.73,8,554,41°F,Harbin (China),,,citadel,,,,,{t1:vert;division:{division:perFess;t:or;line:invecked};charges:[{charge:stirrup;t:argent;p:k;t2:argent;size:0.7};{charge:dove;t:sable;p:n;size:0.7}];shield:wedged},https://watabou.github.io/city-generator/?name=Samerbury&population=10097&size=31&seed=7531122100601&river=0&coast=0&farms=1&citadel=1&urban_castle=0&hub=0&plaza=0&greens=0&temple=0&walls=0&shantytown=0&style=natural
602,Sazli,Sateli,Sateli Earldom,Esenkoryurt,Esenkoryurt Khaganate,Turchian,Turchian Spirits,village,1016,894.05,596.9,-24.18,-12.37,328,55°F,Milan (Italy),,,,,,,,{t1:argent;ordinaries:[{ordinary:cross;t:azure;line:nebuly}];charges:[{charge:crossOccitan;t:or;p:beh;size:0.3}];shield:round},https://watabou.github.io/village-generator/?pop=1016&name=Sazli&seed=7531122100602&width=1400&height=683&style=default&tags=highway%2Cno+square%2Cdense
603,Indona,Abercabercia,Abercabercia Barony,Arvicola,Arvicolan Empire,Keltan,Keltan Spirits,town,8087,1511.89,441.51,5.55,103.48,4019,52°F,Antwerp (Belgium),,,,,,,,{t1:argent;charges:[{charge:snake;t:gules;p:e;t2:gules;size:1.5}];shield:oval},https://watabou.github.io/city-generator/?name=Indona&population=8087&size=29&seed=7531122100603&river=0&coast=0&farms=0&citadel=0&urban_castle=0&hub=0&plaza=0&greens=0&temple=0&walls=0&shantytown=0&style=natural
604,Grotritellet,Grotritellet,Grotritellet Barony,Arvicola,Arvicolan Empire,Tallian,Tallian Spirits,town,12150,1565.31,489.28,-3.59,113.5,2051,59°F,Rome (Italy),,,,,,,,{t1:purpure;division:{division:perSaltire;t:or};charges:[{charge:estoile;t:argent;p:bhdf;divided:counter;size:0.5}];shield:horsehead},https://watabou.github.io/city-generator/?name=Grotritellet&population=12150&size=33&seed=7531122100604&river=0&coast=0&farms=1&citadel=0&urban_castle=0&hub=0&plaza=0&greens=0&temple=0&walls=0&shantytown=0&style=natural
605,Erbatsazu,Smyrgip,Smyrgip Deanery,Ecelia,Eparchy of Ecelia,Euskati,Euskati Ancestors,village,1661,561.54,620.53,-28.7,-74.71,397,50°F,London (England),,,,,,,,{t1:argent;division:{division:perCross;t:azure;line:straight};ordinaries:[{ordinary:saltireParted;t:vert;line:straight}];shield:oldFrench},https://watabou.github.io/village-generator/?pop=1661&name=Erbatsazu&seed=7531122100605&width=1600&height=780&style=default&tags=isolated%2Cuncultivated%2Cno+square%2Cdense
606,Abros,Abros,Abros Deanery,Bhryreria,Patriarchate of Bhryreria,Elladan,Gourm Pantheon,city,13585,846.84,382.93,16.75,-21.22,13,59°F,Rome (Italy),,port,,,plaza,,,{t1:gules;ordinaries:[{ordinary:cross;t:or;line:straight}];charges:[{charge:anchor;t:gules;p:behdf;size:0.3}];shield:boeotian},https://watabou.github.io/city-generator/?name=Abros&population=13585&size=35&seed=7531122100606&river=0&coast=1&farms=1&citadel=0&urban_castle=0&hub=1&plaza=1&greens=1&temple=0&walls=0&shantytown=0&style=natural&sea=1.65
607,Arayny,Mirara,Mirara County,Barolia,Principality of Barolia,Keltan,Keltan Spirits,village,1015,1644.16,464.58,1.13,128.28,328,64°F,Barcelona (Spain),,,,,,,,{t1:azure;division:{division:chevronny;t:or};charges:[{charge:arbalest;t:argent;p:e;t2:argent;t3:argent;size:1.5}];shield:oval},https://watabou.github.io/village-generator/?pop=1015&name=Arayny&seed=7531122100607&width=1400&height=683&style=default&tags=dead+end%2Cno+square%2Cdense
608,Alte,Yamaka,Yamaka Earldom,Esenkoryurt,Esenkoryurt Khaganate,Turchian,Turchian Spirits,town,3133,854.3,538.8,-13.06,-19.82,52,64°F,Barcelona (Spain),,,,walls,,,,{t1:argent;ordinaries:[{ordinary:fessDoubleCotissed;t:azure;line:straight}];charges:[{charge:bridge;t:argent;p:def;size:0.4}];shield:round},https://watabou.github.io/city-generator/?name=Alte&population=3133&size=20&seed=7531122100608&river=0&coast=0&farms=1&citadel=0&urban_castle=0&hub=0&plaza=0&greens=0&temple=0&walls=1&shantytown=0&style=natural
609,Pianturdo,Pania,Pania Parish,Sampi,Brotherhood of Sampi,Tallian,Sgurcelan Deities,village,746,1210.99,266.98,38.93,47.06,161,34°F,Arkhangelsk (Russia),,port,,,,,,{t1:sable;charges:[{charge:archer;t:argent;p:e;t2:or;t3:argent;size:1.5}];shield:horsehead},https://watabou.github.io/village-generator/?pop=746&name=Pianturdo&seed=7531122100609&width=1000&height=488&style=snow&tags=coast%2Cisolated%2Cuncultivated%2Cno+square%2Cdense
610,Depe,Balyurt,Balyurt Earldom,Esenkoryurt,Esenkoryurt Khaganate,Turchian,Turchian Spirits,town,6895,854.73,639.88,-32.4,-19.74,266,50°F,London (England),,,,,,,,{t1:or;division:{division:perPale;t:azure;line:wavy};charges:[{charge:wheatStalk;t:vert;p:p;t2:sable;size:0.7};{charge:stirrup;t:argent;p:q;size:0.7}];shield:round},https://watabou.github.io/city-generator/?name=Depe&population=6895&size=27&seed=7531122100610&river=0&coast=0&farms=1&citadel=0&urban_castle=0&hub=0&plaza=0&greens=0&temple=0&walls=0&shantytown=0&style=natural
611,Oniaros,Psychra,Psychra Parish,Lalylisia,Exarchate of Lalylisia,Elladan,Gourm Pantheon,town,3710,527.69,451.05,3.72,-81.06,948,63°F,Lisbon (Portugal),,,citadel,,,,,{t1:sable;charges:[{charge:bell;t:argent;p:e;t2:argent;size:1.5}];shield:boeotian},https://watabou.github.io/city-generator/?name=Oniaros&population=3710&size=21&seed=7531122100611&river=0&coast=0&farms=1&citadel=1&urban_castle=0&hub=1&plaza=0&greens=0&temple=0&walls=0&shantytown=0&style=natural
612,Olinoipope,Gourgiphe,Gourgiphe Parish,Bhryreria,Patriarchate of Bhryreria,Elladan,Gourm Pantheon,village,1033,724.11,394.4,14.56,-44.23,52,63°F,Lisbon (Portugal),,,,,,,,{t1:argent;ordinaries:[{ordinary:saltire;t:gules;line:straight}];charges:[{charge:scorpion;t:argent;p:e;size:0.7}];shield:boeotian},https://watabou.github.io/village-generator/?pop=1033&name=Olinoipope&seed=7531122100612&width=1400&height=683&style=default&tags=highway%2Cno+square%2Cdense
613,Tethersham,Grantnescom,Grantnescom County,Lydonland,Kingdom of Lydonland,Angshire,Angshire Spirits,village,1746,1077.74,640.86,-32.59,22.08,554,50°F,London (England),,,,,,,,{t1:azure;ordinaries:[{ordinary:chief;t:or;line:straight}];charges:[{charge:bridge;t:vert;p:b;size:0.5}];shield:wedged},https://watabou.github.io/village-generator/?pop=1746&name=Tethersham&seed=7531122100613&width=1600&height=780&style=default&tags=highway%2Cno+square%2Cdense
614,Scidros,Abros,Abros Deanery,Bhryreria,Patriarchate of Bhryreria,Elladan,Gourm Pantheon,town,9481,852.86,373.88,18.48,-20.09,13,59°F,Rome (Italy),,,,,,,,{t1:gules;division:{division:perFess;t:argent;line:straight};charges:[{charge:greyhoundSejant;t:or;p:jkl;t2:or;t3:or;divided:field;size:0.5};{charge:fleurDeLis;t:vert;p:e;divided:division;size:1.5}];shield:boeotian},https://watabou.github.io/city-generator/?name=Scidros&population=9481&size=30&seed=7531122100614&river=1&coast=0&farms=1&citadel=0&urban_castle=0&hub=0&plaza=0&greens=0&temple=0&walls=0&shantytown=0&style=natural
615,Asvagyteleves,Asvagyteleves,Asvagyteleves Landgrave,Tiszalgaria,Kingdom of Tiszalgaria,Vengrian,Gods of the Sapphire Numen,town,6251,1250.57,444.21,5.03,54.48,328,64°F,Barcelona (Spain),,port,,,,,,{t1:or;division:{division:perFess;t:azure;line:straight};ordinaries:[{ordinary:fess;t:gules;line:straight}];charges:[{charge:anchor;t:argent;p:def;size:0.5}];shield:horsehead2},https://watabou.github.io/city-generator/?name=Asvagyteleves&population=6251&size=26&seed=7531122100615&river=0&coast=1&farms=1&citadel=0&urban_castle=0&hub=1&plaza=0&greens=0&temple=0&walls=0&shantytown=0&style=natural&sea=0.39
616,Ayolkut,Azyolkaneli,Azyolkaneli Earldom,Esenkoryurt,Esenkoryurt Khaganate,Turchian,Turchian Spirits,village,1374,752.44,519.28,-9.33,-38.92,13,64°F,Barcelona (Spain),,port,,,,,,{t1:vert;charges:[{charge:sword;t:or;p:abc;t2:or;size:0.5}];shield:round},https://watabou.github.io/village-generator/?pop=1374&name=Ayolkut&seed=7531122100616&width=1400&height=683&style=default&tags=coast%2Chighway%2Cno+square%2Cdense
617,Labe,Laning,Laning County,Arvicola,Arvicolan Empire,Keltan,Keltan Spirits,town,3896,1575.67,442.32,5.39,115.44,1184,63°F,Lisbon (Portugal),,,citadel,,,,,{t1:argent;charges:[{charge:axe;t:purpure;p:e;t2:gules;size:1.5}];shield:oval},https://watabou.github.io/city-generator/?name=Labe&population=3896&size=22&seed=7531122100617&river=0&coast=0&farms=1&citadel=1&urban_castle=0&hub=0&plaza=0&greens=0&temple=0&walls=0&shantytown=0&style=natural
618,Empia,Empia,Empia Parish,Bhryreria,Patriarchate of Bhryreria,Elladan,Gourm Pantheon,town,8760,704.9,452.7,3.4,-47.83,30,66°F,Marrakesh (Morocco),,,,,,,,{t1:gules;charges:[{charge:crossAnkh;t:or;p:e;size:1.5}];shield:boeotian},https://watabou.github.io/city-generator/?name=Empia&population=8760&size=29&seed=7531122100618&river=0&coast=0&farms=1&citadel=0&urban_castle=0&hub=0&plaza=0&greens=0&temple=0&walls=0&shantytown=0&style=natural
619,Leira,Kaporinther,Kaporinther Parish,Lalylisia,Exarchate of Lalylisia,Elladan,Gourm Pantheon,village,1080,573.14,475.17,-0.89,-72.54,266,64°F,Barcelona (Spain),,,,,,,,{t1:argent;division:{division:perPale;t:vert;line:straight};shield:boeotian},https://watabou.github.io/village-generator/?pop=1080&name=Leira&seed=7531122100619&width=1400&height=683&style=default&tags=river%2Chighway%2Cfarmland%2Cno+square%2Cdense
620,Ancerve,Ancerve,Ancerve County,Arvicola,Arvicolan Empire,Tallian,Tallian Spirits,town,10688,1466.39,517.98,-9.08,94.95,472,61°F,Dubrovnik (Croatia),,,,walls,,,,{t1:chequy-azure-argent;charges:[{charge:owlDisplayed;t:or;p:e;t2:or;size:1.5}];shield:horsehead},https://watabou.github.io/city-generator/?name=Ancerve&population=10688&size=32&seed=7531122100620&river=1&coast=0&farms=1&citadel=0&urban_castle=0&hub=0&plaza=0&greens=0&temple=0&walls=1&shantytown=0&style=natural
621,Crorinthos,Crorinthos,Crorinthos Parish,Bhryreria,Patriarchate of Bhryreria,Elladan,Gourm Pantheon,town,7515,862.44,362.82,20.6,-18.29,118,55°F,Milan (Italy),,port,,,,,,{t1:argent;ordinaries:[{ordinary:fess;t:sable;line:invecked}];charges:[{charge:annulet;t:or;p:def;size:0.5}];shield:boeotian},https://watabou.github.io/city-generator/?name=Crorinthos&population=7515&size=28&seed=7531122100621&river=0&coast=1&farms=1&citadel=0&urban_castle=0&hub=0&plaza=0&greens=0&temple=0&walls=0&shantytown=0&style=natural&sea=1.59
622,Nympsos,Ithamariseia,Ithamariseia Deanery,Ecelia,Eparchy of Ecelia,Elladan,Gourm Pantheon,village,1363,626.48,527.87,-10.97,-62.53,210,64°F,Barcelona (Spain),,port,,,,,,{t1:argent;division:{division:perFess;t:azure;line:rayonne};charges:[{charge:lymphad;t:gules;p:k;t2:gules;t3:gules;size:0.7};{charge:badgerStatant;t:or;p:n;size:0.7}];shield:boeotian},https://watabou.github.io/village-generator/?pop=1363&name=Nympsos&seed=7531122100622&width=1400&height=683&style=default&tags=coast%2Chighway%2Cno+square%2Cdense
623,Ondreville,Chanville,Chanville Deanery,Piereia,Bishopric of Piereia,Luari,Fercellesism,city,15453,229.68,437.96,6.22,-136.93,52,66°F,Marrakesh (Morocco),,,,walls,,,,{t1:argent;division:{division:perPale;t:gules;line:nowy};charges:[{charge:pillar;t:purpure;p:p;size:0.7};{charge:wasp;t:or;p:q;size:0.7}];shield:french},https://watabou.github.io/city-generator/?name=Ondreville&population=15453&size=36&seed=7531122100623&river=0&coast=0&farms=1&citadel=0&urban_castle=0&hub=1&plaza=0&greens=0&temple=0&walls=1&shantytown=0&style=natural
624,Ischia,Ciampagnano,Ciampagnano County,Arvicola,Arvicolan Empire,Tallian,Tallian Spirits,town,2732,1390.91,503.44,-6.3,80.8,4019,52°F,Antwerp (Belgium),,,,,,,,{t1:purpure;charges:[{charge:scissors2;t:argent;p:e;size:1.5}];shield:horsehead},https://watabou.github.io/city-generator/?name=Ischia&population=2732&size=19&seed=7531122100624&river=0&coast=0&farms=1&citadel=0&urban_castle=0&hub=0&plaza=0&greens=0&temple=0&walls=0&shantytown=0&style=natural
625,Muciasebai,Ptepidotira,Ptepidotira Parish,Bhryreria,Patriarchate of Bhryreria,Elladan,Gourm Pantheon,village,999,683,487.89,-3.33,-51.94,52,66°F,Marrakesh (Morocco),,,,,,,,{t1:gules;charges:[{charge:mullet6;t:argent;p:e;size:1.5}];shield:boeotian},https://watabou.github.io/village-generator/?pop=999&name=Muciasebai&seed=7531122100625&width=1000&height=488&style=default&tags=dead+end%2Cfarmland%2Cno+square%2Cdense
626,Charris,Morieauve,Morieauve Parish,Piereia,Bishopric of Piereia,Luari,Fercellesism,village,1525,218.19,385.57,16.25,-139.09,30,61°F,Dubrovnik (Croatia),,,,walls,,,,{t1:azure;charges:[{charge:pincers;t:argent;p:e;size:1.5}];shield:french},https://watabou.github.io/village-generator/?pop=1525&name=Charris&seed=7531122100626&width=1600&height=780&style=default&tags=dead+end%2Cno+square%2Cpalisade%2Cdense
627,Purenkyryla,Upun,Upun Parish,Casteleria,Divine Principality of Casteleria,Soumi,Vepar Pantheon,town,3637,1637.72,695.7,-43.08,127.07,82,41°F,Harbin (China),,,citadel,,,,,{t1:argent;charges:[{charge:ramHeadErased;t:azure;p:e;t2:azure;t3:azure;size:1.5}];shield:pavise},https://watabou.github.io/city-generator/?name=Purenkyryla&population=3637&size=21&seed=7531122100627&river=0&coast=0&farms=1&citadel=1&urban_castle=0&hub=0&plaza=0&greens=0&temple=0&walls=0&shantytown=0&style=natural
628,Treno,Treno,Treno Margrave,Arvicola,Arvicolan Empire,Tallian,Tallian Spirits,town,8535,1431.31,525.8,-10.58,88.37,2392,55°F,Milan (Italy),,,,,,,,{t1:or;division:{division:gyronny;t:vert};charges:[{charge:bowWithThreeArrows;t:gules;p:e;t2:gules;t3:gules;size:1.5}];shield:horsehead},https://watabou.github.io/city-generator/?name=Treno&population=8535&size=29&seed=7531122100628&river=0&coast=0&farms=1&citadel=0&urban_castle=0&hub=0&plaza=0&greens=0&temple=0&walls=0&shantytown=0&style=natural
629,Yunciana,Pueria,Pueria Seneschalty,Alverenia,Duchy of Alverenia,Astellian,Occultism of the Chief of Lightning,village,1401,173.78,575.67,-20.12,-147.42,30,61°F,Dubrovnik (Croatia),,,,,,,,{t1:gules;ordinaries:[{ordinary:orle;t:argent}];charges:[{charge:headWreathed;t:argent;p:e;t2:or;t3:argent;size:1.1}];shield:spanish},https://watabou.github.io/village-generator/?pop=1401&name=Yunciana&seed=7531122100629&width=1400&height=683&style=default&tags=highway%2Cfarmland%2Cno+square%2Cdense
630,Aslanikoba,Aslanikoba,Aslanikoba Earldom,Esenkoryurt,Esenkoryurt Khaganate,Turchian,Turchian Spirits,town,11945,731.33,692.79,-42.52,-42.88,82,41°F,Harbin (China),,,,,plaza,,,{t1:potentEnPointe-or-azure;division:{division:perChevronReversed;t:purpure;line:straight};charges:[{charge:trefle;t:vert;p:dfh;size:0.5}];shield:round},https://watabou.github.io/city-generator/?name=Aslanikoba&population=11945&size=33&seed=7531122100630&river=0&coast=0&farms=1&citadel=0&urban_castle=0&hub=0&plaza=1&greens=1&temple=0&walls=0&shantytown=0&style=natural
631,Kassos,Plagaspian,Plagaspian Parish,Bhryreria,Patriarchate of Bhryreria,Elladan,Gourm Pantheon,town,2288,623.52,323.22,28.17,-63.09,52,50°F,London (England),,port,,,,,,{t1:argent;charges:[{charge:escallop;t:gules;p:jlh;size:0.7}];shield:boeotian},https://watabou.github.io/city-generator/?name=Kassos&population=2288&size=18&seed=7531122100631&river=0&coast=1&farms=1&citadel=0&urban_castle=0&hub=1&plaza=0&greens=0&temple=0&walls=0&shantytown=0&style=natural&sea=0.5
632,Pileleukena,Empia,Empia Parish,Bhryreria,Patriarchate of Bhryreria,Elladan,Gourm Pantheon,village,1766,710.06,433.65,7.05,-46.86,82,66°F,Marrakesh (Morocco),,,,,,,,{t1:or;division:{division:perFess;t:azure;line:firTrees};charges:[{charge:wasp;t:vert;p:k;t2:gules;t3:purpure;size:0.7};{charge:bee;t:argent;p:n;size:0.7}];shield:boeotian},https://watabou.github.io/village-generator/?pop=1766&name=Pileleukena&seed=7531122100632&width=1600&height=780&style=default&tags=highway%2Cfarmland%2Cno+square%2Cdense
633,Vignellesson,Monthivevia,Monthivevia County,Presia,Principality of Presia,Luari,Fercellesism,village,1830,429.9,328.1,27.24,-99.39,13,50°F,London (England),,,,,,,,{t1:vert;charges:[{charge:shears;t:or;p:e;size:1.5}];shield:french},https://watabou.github.io/village-generator/?pop=1830&name=Vignellesson&seed=7531122100633&width=1600&height=780&style=default&tags=dead+end%2Cno+square%2Cdense
634,Eiwaberanve,Inach,Inach County,Arvicola,Arvicolan Empire,Keltan,Keltan Spirits,village,1221,1565.33,421.67,9.34,113.5,738,59°F,Rome (Italy),,,,,,,,{t1:sable;division:{division:perCross;t:or;line:straight};charges:[{charge:unicornRampant;t:argent;p:j;t2:argent;t3:argent;size:0.6}];shield:oval},https://watabou.github.io/village-generator/?pop=1221&name=Eiwaberanve&seed=7531122100634&width=1400&height=683&style=default&tags=river%2Chighway%2Cno+square%2Cdense
635,Nadonal,Asvagyteleves,Asvagyteleves Landgrave,Tiszalgaria,Kingdom of Tiszalgaria,Vengrian,Gods of the Sapphire Numen,town,6292,1269.4,461.7,1.68,58.01,328,64°F,Barcelona (Spain),,,,walls,,,,{t1:purpure;charges:[{charge:key;t:or;p:jln;size:0.7}];shield:horsehead2},https://watabou.github.io/city-generator/?name=Nadonal&population=6292&size=26&seed=7531122100635&river=0&coast=0&farms=1&citadel=0&urban_castle=0&hub=0&plaza=0&greens=0&temple=0&walls=1&shantytown=0&style=natural
636,Bozeskanar,Serteki,Serteki Margrave,Esenkoryurt,Esenkoryurt Khaganate,Turchian,Turchian Spirits,town,3464,650.92,580.48,-21.04,-57.95,210,61°F,Dubrovnik (Croatia),,,,,,,,{t1:argent;division:{division:perChevron;t:azure;line:rayonne};ordinaries:[{ordinary:cross;t:gules;line:straight;divided:counter}];shield:round},https://watabou.github.io/city-generator/?name=Bozeskanar&population=3464&size=21&seed=7531122100636&river=0&coast=0&farms=0&citadel=0&urban_castle=0&hub=0&plaza=0&greens=0&temple=0&walls=0&shantytown=0&style=natural
637,Avenanosto,Ludequejar,Ludequejar County,Alverenia,Duchy of Alverenia,Astellian,Occultism of the Chief of Lightning,town,6274,238.63,639.29,-32.29,-135.26,1184,46°F,Prague (Czechia),,,,,,,,{t1:argent;division:{division:perPale;t:vert;line:straight};charges:[{charge:fleurDeLis;t:gules;p:e;divided:counter;size:1.5}];shield:spanish},https://watabou.github.io/city-generator/?name=Avenanosto&population=6274&size=26&seed=7531122100637&river=1&coast=0&farms=1&citadel=0&urban_castle=0&hub=0&plaza=0&greens=0&temple=0&walls=0&shantytown=0&style=natural
638,Grotta,Vepara,Vepara Deanery,Casteleria,Divine Principality of Casteleria,Tallian,Vepar Pantheon,town,2210,1520.64,611.83,-27.03,105.12,397,54°F,Paris (France),,,citadel,,,,,{t1:azure;charges:[{charge:deerHeadCaboshed;t:argent;p:e;t2:argent;size:1.5}];shield:horsehead},https://watabou.github.io/city-generator/?name=Grotta&population=2210&size=18&seed=7531122100638&river=0&coast=0&farms=1&citadel=1&urban_castle=1&hub=0&plaza=0&greens=0&temple=0&walls=0&shantytown=0&style=natural
639,Rustnausen,Treillesnoy,Treillesnoy Margrave,Presia,Principality of Presia,Shwazen,Deities of the Enlightened Being,town,3900,491.28,393.1,14.81,-87.89,397,61°F,Dubrovnik (Croatia),,port,,,,,,{t1:purpure;ordinaries:[{ordinary:fess;t:argent;line:straight}];charges:[{charge:salmon;t:sable;p:def;t2:sable;size:0.5}];shield:swiss},https://watabou.github.io/city-generator/?name=Rustnausen&population=3900&size=22&seed=7531122100639&river=1&coast=1&farms=1&citadel=0&urban_castle=0&hub=0&plaza=0&greens=0&temple=0&walls=0&shantytown=0&style=natural
640,Horny,Hinckhampia,Hinckhampia County,Lydonland,Kingdom of Lydonland,Angshire,Angshire Spirits,village,1159,1077.3,577.3,-20.43,21.99,118,61°F,Dubrovnik (Croatia),,,citadel,,,,,{t1:sable;division:{division:perPale;t:argent;line:straight};ordinaries:[{ordinary:pilesInPoint;t:or}];shield:wedged},https://watabou.github.io/village-generator/?pop=1159&name=Horny&seed=7531122100640&width=1400&height=683&style=default&tags=highway%2Cfarmland%2Cno+square%2Cdense
641,Sondioain,Sondioain,Sondioain County,Erantzia,Kingdom of Erantzia,Euskati,Euskati Ancestors,town,8624,456.1,681.42,-40.35,-94.48,2218,36°F,Anchorage (Alaska),,,,,plaza,,,{t1:pappellony2-argent-purpure-small;ordinaries:[{ordinary:fess;t:purpure;line:straight}];charges:[{charge:mullet6;t:argent;p:e;size:0.7}];shield:oldFrench},https://watabou.github.io/city-generator/?name=Sondioain&population=8624&size=29&seed=7531122100641&river=0&coast=0&farms=0&citadel=0&urban_castle=0&hub=0&plaza=1&greens=1&temple=0&walls=0&shantytown=0&style=natural
642,Ereidwaldr,Aray,Aray County,Arvicola,Arvicolan Empire,Keltan,Keltan Spirits,town,3698,1530.29,381.41,17.04,106.93,948,55°F,Milan (Italy),,,citadel,,,,,{t1:azure;charges:[{charge:chain;t:or;p:e;size:1.5}];shield:oval},https://watabou.github.io/city-generator/?name=Ereidwaldr&population=3698&size=21&seed=7531122100642&river=0&coast=0&farms=1&citadel=1&urban_castle=1&hub=0&plaza=0&greens=0&temple=0&walls=0&shantytown=0&style=natural
643,Beyayramse,Aslanikoba,Aslanikoba Earldom,Esenkoryurt,Esenkoryurt Khaganate,Turchian,Turchian Spirits,town,4408,728.98,700.81,-44.06,-43.32,30,37°F,Tromsø (Norway),,,,,,,,{t1:argent;ordinaries:[{ordinary:orle;t:azure}];charges:[{charge:cavalier;t:azure;p:e;t2:azure;t3:azure;size:1.1}];shield:round},https://watabou.github.io/city-generator/?name=Beyayramse&population=4408&size=23&seed=7531122100643&river=1&coast=0&farms=0&citadel=0&urban_castle=0&hub=0&plaza=0&greens=0&temple=0&walls=0&shantytown=0&style=natural
644,Aniano,Citte,Citte Margrave,Arvicola,Arvicolan Empire,Tallian,Tallian Spirits,town,4011,1467.49,524.56,-10.34,95.15,840,61°F,Dubrovnik (Croatia),,,,,,,,{t1:fretty-argent-gules;ordinaries:[{ordinary:terrace;t:sable;line:straight}];shield:horsehead},https://watabou.github.io/city-generator/?name=Aniano&population=4011&size=22&seed=7531122100644&river=1&coast=0&farms=1&citadel=0&urban_castle=0&hub=0&plaza=0&greens=0&temple=0&walls=0&shantytown=0&style=natural
645,Emer,Boyvar,Boyvar Earldom,Esenkoryurt,Esenkoryurt Khaganate,Turchian,Turchian Spirits,town,7187,719.59,583.59,-21.63,-45.08,266,59°F,Rome (Italy),,,,,,,,{t1:argent;charges:[{charge:pincers;t:sable;p:e;size:1.5}];shield:round},https://watabou.github.io/city-generator/?name=Emer&population=7187&size=27&seed=7531122100645&river=0&coast=0&farms=1&citadel=0&urban_castle=0&hub=1&plaza=0&greens=0&temple=0&walls=0&shantytown=0&style=natural
646,Zezukarre,Zezukarre,Zezukarre Earldom,Beytekyurt,Beytekyurt Horde,Euskati,Euskati Ancestors,town,9252,558.16,686.5,-41.32,-75.35,738,39°F,Reykjavik (Iceland),,,,,,,,{t1:vairEnPointe-azure-argent;ordinaries:[{ordinary:gemelle;t:or;line:straight}];shield:oldFrench},https://watabou.github.io/city-generator/?name=Zezukarre&population=9252&size=30&seed=7531122100646&river=0&coast=0&farms=1&citadel=0&urban_castle=0&hub=0&plaza=0&greens=0&temple=0&walls=0&shantytown=0&style=natural
647,Stapsealis,Sherstolia,Sherstolia Margrave,Lydonland,Kingdom of Lydonland,Angshire,Angshire Spirits,town,3045,969.11,650.04,-34.34,1.71,472,46°F,Prague (Czechia),,,,,,,,{t1:chequy-azure-argent;division:{division:perChevron;t:argent;line:straight};ordinaries:[{ordinary:chevronReversed;t:or}];shield:wedged},https://watabou.github.io/city-generator/?name=Stapsealis&population=3045&size=20&seed=7531122100647&river=0&coast=0&farms=1&citadel=0&urban_castle=0&hub=0&plaza=0&greens=0&temple=0&walls=0&shantytown=0&style=natural
648,Silvo,Algunagia,Algunagia County,Barolia,Principality of Barolia,Portuzian,Chaminta Pantheon,town,3659,1677.7,556.1,-16.37,134.57,52,63°F,Lisbon (Portugal),,,,,,,,{t1:azure;ordinaries:[{ordinary:pallReversed;t:argent}];charges:[{charge:crossHummetty;t:azure;p:bemo;size:0.5}];shield:renaissance},https://watabou.github.io/city-generator/?name=Silvo&population=3659&size=21&seed=7531122100648&river=0&coast=0&farms=1&citadel=0&urban_castle=0&hub=0&plaza=0&greens=0&temple=0&walls=0&shantytown=0&style=natural
649,Cytha,Aktaspian,Aktaspian Parish,Lalylisia,Exarchate of Lalylisia,Elladan,Gourm Pantheon,town,2683,600.37,475.32,-0.92,-67.43,210,66°F,Marrakesh (Morocco),,port,,,,,,{t1:or;division:{division:perFess;t:vert;line:straight};charges:[{charge:estoile;t:azure;p:ABCDEFGHIJKL;t2:azure;size:0.18};{charge:crossAvellane;t:azure;p:e;size:1.5}];shield:boeotian},https://watabou.github.io/city-generator/?name=Cytha&population=2683&size=19&seed=7531122100649&river=0&coast=1&farms=1&citadel=0&urban_castle=0&hub=0&plaza=0&greens=0&temple=0&walls=0&shantytown=0&style=natural&sea=0.07
650,Certinnes,Certinnes,Certinnes Parish,Piereia,Bishopric of Piereia,Luari,Fercellesism,city,14559,350.4,327.5,27.35,-114.3,52,50°F,London (England),,,,,,,,{t1:argent;division:{division:perPale;t:gules;line:firTrees};charges:[{charge:crossGamma;t:sable;p:p;size:0.7};{charge:garb;t:or;p:q;size:0.7}];shield:french},https://watabou.github.io/city-generator/?name=Certinnes&population=14559&size=36&seed=7531122100650&river=0&coast=0&farms=1&citadel=0&urban_castle=0&hub=0&plaza=0&greens=0&temple=0&walls=0&shantytown=0&style=natural
651,Heitern,Kourionia,Kourionia Parish,Lalylisia,Exarchate of Lalylisia,Shwazen,Deities of the Enlightened Being,village,1078,556.7,388.86,15.62,-75.62,554,59°F,Rome (Italy),,,,,,,,{t1:sable;charges:[{charge:saw;t:argent;p:e;t2:or;size:1.5}];shield:swiss},https://watabou.github.io/village-generator/?pop=1078&name=Heitern&seed=7531122100651&width=1400&height=683&style=default&tags=highway%2Cno+square%2Cdense
652,Vigralompone,Antano,Antano Margrave,Arvicola,Arvicolan Empire,Tallian,Tallian Spirits,village,1483,1496.07,514.82,-8.48,100.51,840,61°F,Dubrovnik (Croatia),,,,,,,,{t1:or;charges:[{charge:archer;t:gules;p:abc;t2:sable;t3:gules;size:0.5}];shield:horsehead},https://watabou.github.io/village-generator/?pop=1483&name=Vigralompone&seed=7531122100652&width=1400&height=683&style=default&tags=highway%2Cno+square%2Cdense
653,Nogent,Bonvilevilia,Bonvilevilia County,Presia,Principality of Presia,Luari,Fercellesism,town,6524,372.49,411.95,11.2,-110.16,2572,55°F,Milan (Italy),,,,,,,,{t1:purpure;ordinaries:[{ordinary:fessDoubleCotissed;t:argent;line:straight}];charges:[{charge:trefle;t:vert;p:def;size:0.4}];shield:french},https://watabou.github.io/city-generator/?name=Nogent&population=6524&size=26&seed=7531122100653&river=0&coast=0&farms=1&citadel=0&urban_castle=0&hub=0&plaza=0&greens=0&temple=0&walls=0&shantytown=0&style=natural
654,Vilnay,Leintzpia,Leintzpia County,Presia,Principality of Presia,Luari,Fercellesism,village,1079,454.66,500.4,-5.72,-94.75,5250,46°F,Prague (Czechia),,,,,,,,{t1:purpure;charges:[{charge:bell;t:argent;p:e;t2:argent;size:1.5}];shield:french},https://watabou.github.io/village-generator/?pop=1079&name=Vilnay&seed=7531122100654&width=1400&height=683&style=default&tags=highway%2Cno+square%2Cdense
655,Norand,Boria,Boria County,Presia,Principality of Presia,Luari,Fercellesism,town,5964,418.22,462.36,1.56,-101.58,3793,48°F,Copenhagen (Denmark),,,,,,,,{t1:purpure;charges:[{charge:eagle;t:argent;p:e;t2:argent;t3:argent;size:1.5}];shield:french},https://watabou.github.io/city-generator/?name=Norand&population=5964&size=25&seed=7531122100655&river=0&coast=0&farms=1&citadel=0&urban_castle=0&hub=0&plaza=0&greens=0&temple=0&walls=0&shantytown=0&style=natural
656,Nobleda,Nobleda,Nobleda Seneschalty,Padamia,Grand Duchy of Padamia,Astellian,Occultism of the Chief of Lightning,town,9492,205.42,561.02,-17.32,-141.48,118,63°F,Lisbon (Portugal),,,,,,,,{t1:gules;charges:[{charge:key;t:argent;p:e;size:1.5}];shield:spanish},https://watabou.github.io/city-generator/?name=Nobleda&population=9492&size=30&seed=7531122100656&river=1&coast=0&farms=1&citadel=0&urban_castle=0&hub=0&plaza=0&greens=0&temple=0&walls=0&shantytown=0&style=natural
657,Donostoren,Smyrgip,Smyrgip Deanery,Ecelia,Eparchy of Ecelia,Euskati,Euskati Ancestors,village,1512,522.53,637.41,-31.93,-82.03,4019,34°F,Arkhangelsk (Russia),,,,,,,,{t1:gules;ordinaries:[{ordinary:bendletSinister;t:argent;line:wavy}];charges:[{charge:mullet6;t:gules;p:lem;size:0.3}];shield:oldFrench},https://watabou.github.io/village-generator/?pop=1512&name=Donostoren&seed=7531122100657&width=1600&height=780&style=snow&tags=dead+end%2Cuncultivated%2Cno+square%2Cdense
658,Montevignano,Pania,Pania Parish,Sampi,Brotherhood of Sampi,Tallian,Tallian Spirits,town,3163,1091.65,253.48,41.51,24.68,13,32°F,Murmansk (Russia),,,,,,,,{t1:purpure;charges:[{charge:inescutcheon;t:or;p:abc;size:0.5};{charge:escallop;t:gules;p:abc;size:0.25}];shield:horsehead},https://watabou.github.io/city-generator/?name=Montevignano&population=3163&size=20&seed=7531122100658&river=0&coast=0&farms=0&citadel=0&urban_castle=0&hub=0&plaza=0&greens=0&temple=0&walls=0&shantytown=0&style=natural
659,Forro,Arlontano,Arlontano County,Rocano,Grand Duchy of Rocano,Tallian,Tallian Spirits,village,409,1291.58,377.85,17.72,62.17,1312,55°F,Milan (Italy),,,,,,,,{t1:tenné;ordinaries:[{ordinary:pallReversed;t:or}];charges:[{charge:stirrup;t:tenné;p:bemo;t2:tenné;size:0.5}];shield:horsehead},https://watabou.github.io/village-generator/?pop=409&name=Forro&seed=7531122100659&width=800&height=390&style=default&tags=highway%2Cuncultivated%2Cno+square%2Cdense
660,Ayruk,Ayburyurt,Ayburyurt County,Esenkoryurt,Esenkoryurt Khaganate,Turchian,Turchian Spirits,city,21000,860.5,573.07,-19.62,-18.66,118,61°F,Dubrovnik (Croatia),,port,citadel,walls,,,,{t1:azure;division:{division:perPale;t:argent;line:raguly};charges:[{charge:lymphad;t:or;p:jo;t2:or;t3:or;size:0.7}];shield:round},https://watabou.github.io/city-generator/?name=Ayruk&population=21000&size=41&seed=7531122100660&river=0&coast=1&farms=1&citadel=1&urban_castle=1&hub=1&plaza=0&greens=0&temple=0&walls=1&shantytown=0&style=natural&sea=0.75
661,Komolklad,Duzeszadi,Duzeszadi Shire,Tiszalgaria,Kingdom of Tiszalgaria,Vengrian,Gods of the Sapphire Numen,town,2414,1251.18,534.65,-12.27,54.6,266,63°F,Lisbon (Portugal),,,,,,,,{t1:ermine-argent-sable;ordinaries:[{ordinary:fess;t:vert;line:straight}];shield:horsehead2},https://watabou.github.io/city-generator/?name=Komolklad&population=2414&size=18&seed=7531122100661&river=1&coast=0&farms=1&citadel=0&urban_castle=0&hub=0&plaza=0&greens=0&temple=0&walls=0&shantytown=0&style=natural
662,Contino,Rioflase,Rioflase Margrave,Arvicola,Arvicolan Empire,Tallian,Tallian Spirits,town,3540,1376.3,554.34,-16.04,78.06,2953,52°F,Antwerp (Belgium),,,,,,,,{t1:or;charges:[{charge:frog;t:azure;p:e;size:1.5}];shield:horsehead},https://watabou.github.io/city-generator/?name=Contino&population=3540&size=21&seed=7531122100662&river=0&coast=0&farms=1&citadel=0&urban_castle=0&hub=0&plaza=0&greens=0&temple=0&walls=0&shantytown=0&style=natural
663,Brocquatino,Ari,Ari Parish,Casteleria,Divine Principality of Casteleria,Tallian,Vepar Pantheon,town,7765,1591.89,652.68,-34.85,118.48,13,48°F,Copenhagen (Denmark),,,,,,,,{t1:azure;ordinaries:[{ordinary:saltire;t:argent;line:wavy}];charges:[{charge:shears;t:or;p:e;size:1.5}];shield:horsehead},https://watabou.github.io/city-generator/?name=Brocquatino&population=7765&size=28&seed=7531122100663&river=1&coast=0&farms=1&citadel=0&urban_castle=0&hub=0&plaza=0&greens=0&temple=0&walls=0&shantytown=0&style=natural
664,Hienai,Naucreia,Naucreia Parish,Lalylisia,Exarchate of Lalylisia,Elladan,Gourm Pantheon,town,6333,602.43,364.82,20.22,-67.04,210,59°F,Rome (Italy),,,,,,,,{t1:gules;division:{division:perBendSinister;t:argent;line:dovetailed};charges:[{charge:boarHeadErased;t:or;p:jo;t2:or;t3:or;size:0.7}];shield:boeotian},https://watabou.github.io/city-generator/?name=Hienai&population=6333&size=26&seed=7531122100664&river=0&coast=0&farms=1&citadel=0&urban_castle=0&hub=0&plaza=0&greens=0&temple=0&walls=0&shantytown=0&style=natural
665,Scery,Chanville,Chanville Deanery,Piereia,Bishopric of Piereia,Luari,Fercellesism,village,1495,215.53,440.98,5.65,-139.59,52,66°F,Marrakesh (Morocco),,port,,,,,,{t1:or;charges:[{charge:feather;t:vert;p:e;size:1.5}];shield:french},https://watabou.github.io/village-generator/?pop=1495&name=Scery&seed=7531122100665&width=1400&height=683&style=default&tags=coast%2Chighway%2Cno+square%2Cdense
666,Bomaberbeg,Mirara,Mirara County,Barolia,Principality of Barolia,Keltan,Keltan Spirits,town,5774,1634.54,459.87,2.03,126.48,266,64°F,Barcelona (Spain),,,,,,,,{t1:barry-argent-gules;division:{division:perChevron;t:azure;line:straight};charges:[{charge:crossTemplar;t:purpure;p:dfbh;size:0.5}];shield:oval},https://watabou.github.io/city-generator/?name=Bomaberbeg&population=5774&size=25&seed=7531122100666&river=1&coast=0&farms=1&citadel=0&urban_castle=0&hub=0&plaza=0&greens=0&temple=0&walls=0&shantytown=0&style=natural
667,Patta,Ponania,Ponania Parish,Casteleria,Divine Principality of Casteleria,Tallian,Vepar Pantheon,town,4743,1587.56,574,-19.8,117.67,210,61°F,Dubrovnik (Croatia),,,,,,,,{t1:gules;division:{division:perSaltire;t:argent};shield:horsehead},https://watabou.github.io/city-generator/?name=Patta&population=4743&size=23&seed=7531122100667&river=1&coast=0&farms=1&citadel=0&urban_castle=0&hub=0&plaza=0&greens=0&temple=0&walls=0&shantytown=0&style=natural
668,Monti,Monti,Monti Parish,Sampi,Brotherhood of Sampi,Tallian,Sgurcelan Deities,town,8190,1246.7,317.64,29.24,53.76,1447,41°F,Harbin (China),,,,,,,,{t1:barry-argent-sable;division:{division:perBend;t:azure;line:straight};shield:horsehead},https://watabou.github.io/city-generator/?name=Monti&population=8190&size=29&seed=7531122100668&river=0&coast=0&farms=1&citadel=0&urban_castle=0&hub=0&plaza=0&greens=0&temple=0&walls=0&shantytown=0&style=natural
669,Nymphiros,Plagaspian,Plagaspian Parish,Bhryreria,Patriarchate of Bhryreria,Elladan,Gourm Pantheon,town,6491,616.8,369.33,19.35,-64.35,161,59°F,Rome (Italy),,,,,,,,{t1:argent;charges:[{charge:lochaberAxe;t:azure;p:e;t2:azure;size:1.5}];shield:boeotian},https://watabou.github.io/city-generator/?name=Nymphiros&population=6491&size=26&seed=7531122100669&river=1&coast=0&farms=1&citadel=0&urban_castle=0&hub=0&plaza=0&greens=0&temple=0&walls=0&shantytown=0&style=natural
670,Gorbogna,Gorbogna,Gorbogna Parish,Casteleria,Divine Principality of Casteleria,Tallian,Vepar Pantheon,town,7530,1618.54,585.6,-22.02,123.48,161,61°F,Dubrovnik (Croatia),,,,,,,,{t1:gules;ordinaries:[{ordinary:bordure;t:or}];charges:[{charge:crossHummetty;t:or;p:e;size:1.1}];shield:horsehead},https://watabou.github.io/city-generator/?name=Gorbogna&population=7530&size=28&seed=7531122100670&river=1&coast=0&farms=1&citadel=0&urban_castle=0&hub=0&plaza=0&greens=0&temple=0&walls=0&shantytown=0&style=natural
671,Ventia,Nonaquenia,Nonaquenia Governorate,Viroval,Republic of Viroval,Romian,Ponstatra Deities,town,7030,1391.85,692.25,-42.42,80.97,328,39°F,Reykjavik (Iceland),,,,,,,,{t1:azure;division:{division:perCross;t:argent;line:dentilly};charges:[{charge:spiral;t:or;p:jo;size:0.7}];shield:roman},https://watabou.github.io/city-generator/?name=Ventia&population=7030&size=27&seed=7531122100671&river=0&coast=0&farms=1&citadel=0&urban_castle=0&hub=0&plaza=0&greens=0&temple=0&walls=0&shantytown=0&style=natural
672,Omadosatil,Omadosatil,Omadosatil County,Estrielas,Duchy of Estrielas,Astellian,Occultism of the Chief of Lightning,city,15789,299.77,650.43,-34.42,-123.79,554,50°F,London (England),,port,citadel,,,,,{t1:or;charges:[{charge:armillarySphere;t:azure;p:e;size:1.5}];shield:spanish},https://watabou.github.io/city-generator/?name=Omadosatil&population=15789&size=37&seed=7531122100672&river=0&coast=1&farms=1&citadel=1&urban_castle=1&hub=0&plaza=0&greens=0&temple=0&walls=0&shantytown=0&style=natural&sea=1.67
673,Portskirk,Alblemia,Alblemia County,Lydonland,Kingdom of Lydonland,Angshire,Angshire Spirits,town,2292,1025.23,673.11,-38.76,12.23,397,41°F,Harbin (China),,,,,,,,{t1:gules;ordinaries:[{ordinary:pileInBendSinister;t:or}];charges:[{charge:lionHeadErased;t:or;p:ai;t2:or;size:0.7}];shield:wedged},https://watabou.github.io/city-generator/?name=Portskirk&population=2292&size=18&seed=7531122100673&river=0&coast=0&farms=1&citadel=0&urban_castle=0&hub=0&plaza=0&greens=0&temple=0&walls=0&shantytown=0&style=natural
674,Velfanivo,Nelale,Nelale County,Arvicola,Arvicolan Empire,Tallian,Tallian Spirits,village,1031,1551.81,512.26,-7.99,110.96,948,61°F,Dubrovnik (Croatia),,,,,,,,{t1:gules;ordinaries:[{ordinary:pile;t:argent;line:straight}];charges:[{charge:hourglass;t:azure;p:b;t2:azure;t3:or;size:0.5}];shield:horsehead},https://watabou.github.io/village-generator/?pop=1031&name=Velfanivo&seed=7531122100674&width=1400&height=683&style=default&tags=dead+end%2Cno+square%2Cdense
675,Freiracaoei,Algunagia,Algunagia County,Barolia,Principality of Barolia,Portuzian,Chaminta Pantheon,village,1642,1684.6,542,-13.68,135.86,82,64°F,Barcelona (Spain),,,,,,,,{t1:argent;division:{division:perBend;t:gules;line:wavy};charges:[{charge:wheel;t:azure;p:l;size:0.7};{charge:crossTriquetra;t:or;p:m;size:0.7}];shield:renaissance},https://watabou.github.io/village-generator/?pop=1642&name=Freiracaoei&seed=7531122100675&width=1600&height=780&style=default&tags=highway%2Cno+square%2Cdense
676,Athergos,Athergos,Athergos Parish,Bhryreria,Patriarchate of Bhryreria,Elladan,Gourm Pantheon,town,7880,662.8,310.4,30.62,-55.73,82,41°F,Harbin (China),,,,,,,,{t1:argent;ordinaries:[{ordinary:bendletSinister;t:purpure;line:engrailed}];charges:[{charge:trefle;t:purpure;p:ai;size:0.5}];shield:boeotian},https://watabou.github.io/city-generator/?name=Athergos&population=7880&size=28&seed=7531122100676&river=0&coast=0&farms=1&citadel=0&urban_castle=0&hub=0&plaza=0&greens=0&temple=0&walls=0&shantytown=0&style=natural
677,Mazebuodut,Ciampagnano,Ciampagnano County,Arvicola,Arvicolan Empire,Tallian,Tallian Spirits,town,2004,1407.82,503.88,-6.39,83.97,840,61°F,Dubrovnik (Croatia),,,,,,,,{t1:or;division:{division:perCross;t:purpure;line:straight};charges:[{charge:bookClosed;t:vert;p:jo;t2:vert;t3:vert;divided:counter;size:0.7}];shield:horsehead},https://watabou.github.io/city-generator/?name=Mazebuodut&population=2004&size=17&seed=7531122100677&river=1&coast=0&farms=1&citadel=0&urban_castle=0&hub=0&plaza=0&greens=0&temple=0&walls=0&shantytown=0&style=natural
678,Kelibeyli,Adi,Adi Margrave,Esenkoryurt,Esenkoryurt Khaganate,Turchian,Turchian Spirits,town,10013,723.58,641.17,-32.65,-44.33,948,48°F,Copenhagen (Denmark),,,,,,,,{t1:barry-or-gules;division:{division:perPile;t:azure;line:straight};shield:round},https://watabou.github.io/city-generator/?name=Kelibeyli&population=10013&size=31&seed=7531122100678&river=0&coast=0&farms=1&citadel=0&urban_castle=0&hub=0&plaza=0&greens=0&temple=0&walls=0&shantytown=0&style=natural
679,Abrarebo,Odiratiro,Odiratiro County,Barolia,Principality of Barolia,Portuzian,Chaminta Pantheon,village,892,1646.56,341.43,24.69,128.73,2572,43°F,Stockholm (Sweden),,,,,,,,{t1:barry-argent-purpure-smaller;division:{division:perBend;t:sable;line:straight};ordinaries:[{ordinary:cross;t:vert;line:straight}];shield:renaissance},https://watabou.github.io/village-generator/?pop=892&name=Abrarebo&seed=7531122100679&width=1000&height=488&style=default&tags=dead+end%2Cno+square%2Cdense
680,Tinton,Retford,Retford Barony,Lydonland,Kingdom of Lydonland,Angshire,Angshire Spirits,village,1816,1004.61,610.61,-26.8,8.36,266,54°F,Paris (France),,,,,,,,{t1:purpure;charges:[{charge:lymphad;t:argent;p:e;t2:argent;t3:argent;size:1.5}];shield:wedged},https://watabou.github.io/village-generator/?pop=1816&name=Tinton&seed=7531122100680&width=1600&height=780&style=default&tags=highway%2Cno+square%2Cdense
681,Ville,Chilegaria,Chilegaria Margrave,Presia,Principality of Presia,Luari,Fercellesism,town,11078,452.11,374.64,18.34,-95.23,52,59°F,Rome (Italy),,,,,,,,{t1:purpure;division:{division:perBendSinister;t:or;line:straight};charges:[{charge:ratRampant;t:argent;p:e;t2:argent;divided:counter;size:1.5}];shield:french},https://watabou.github.io/city-generator/?name=Ville&population=11078&size=32&seed=7531122100681&river=0&coast=0&farms=1&citadel=0&urban_castle=0&hub=1&plaza=0&greens=0&temple=0&walls=0&shantytown=0&style=natural
682,Schopen,Ebrandtnau,Ebrandtnau Parish,Lalylisia,Exarchate of Lalylisia,Shwazen,Deities of the Enlightened Being,town,2153,580.96,293.11,33.93,-71.07,13,41°F,Harbin (China),,port,,,,,,{t1:chequy-or-sable-small;division:{division:gyronny;t:gules};charges:[{charge:shipWheel;t:azure;p:e;size:1.5}];shield:swiss},https://watabou.github.io/city-generator/?name=Schopen&population=2153&size=17&seed=7531122100682&river=0&coast=1&farms=1&citadel=0&urban_castle=0&hub=0&plaza=0&greens=0&temple=0&walls=0&shantytown=0&style=natural&sea=0.28
683,Plagaspian,Plagaspian,Plagaspian Parish,Bhryreria,Patriarchate of Bhryreria,Elladan,Gourm Pantheon,town,10637,626.73,345.07,23.99,-62.49,82,52°F,Antwerp (Belgium),,port,,walls,,,,{t1:sable;charges:[{charge:anchor;t:or;p:jln;size:0.7}];shield:boeotian},https://watabou.github.io/city-generator/?name=Plagaspian&population=10637&size=32&seed=7531122100683&river=1&coast=1&farms=1&citadel=0&urban_castle=0&hub=0&plaza=0&greens=0&temple=0&walls=1&shantytown=0&style=natural
684,Berraranda,Zaleria,Zaleria County,Erantzia,Kingdom of Erantzia,Euskati,Euskati Ancestors,town,5311,377.21,610.96,-26.87,-109.27,2392,52°F,Antwerp (Belgium),,,,,,,,{t1:purpure;division:{division:chevronny;t:argent};charges:[{charge:crossOccitan;t:or;p:jeo;divided:counter;size:0.5}];shield:oldFrench},https://watabou.github.io/city-generator/?name=Berraranda&population=5311&size=24&seed=7531122100684&river=0&coast=0&farms=0&citadel=0&urban_castle=0&hub=0&plaza=0&greens=0&temple=0&walls=0&shantytown=0&style=natural
685,Yramkayala,Balyurt,Balyurt Earldom,Esenkoryurt,Esenkoryurt Khaganate,Turchian,Turchian Spirits,village,1075,828.09,641.79,-32.77,-24.73,266,50°F,London (England),,,,walls,,,,{t1:argent;charges:[{charge:lionHeadErased;t:azure;p:e;t2:azure;size:1.5}];shield:round},https://watabou.github.io/village-generator/?pop=1075&name=Yramkayala&seed=7531122100685&width=1400&height=683&style=default&tags=river%2Cdead+end%2Cfarmland%2Cno+square%2Cpalisade%2Cdense
686,Binenheimen,Strautach,Strautach Parish,Lalylisia,Exarchate of Lalylisia,Shwazen,Deities of the Enlightened Being,town,2640,543.15,324.94,27.84,-78.16,210,50°F,London (England),,,,,,,,{t1:or;charges:[{charge:bowWithThreeArrows;t:gules;p:e;t2:gules;t3:gules;size:1.5}];shield:swiss},https://watabou.github.io/city-generator/?name=Binenheimen&population=2640&size=19&seed=7531122100686&river=0&coast=0&farms=1&citadel=0&urban_castle=0&hub=0&plaza=0&greens=0&temple=0&walls=0&shantytown=0&style=natural
687,Stymphida,Parnia,Parnia Parish,Bhryreria,Patriarchate of Bhryreria,Elladan,Gourm Pantheon,village,1024,670.45,337.84,25.38,-54.29,52,52°F,Antwerp (Belgium),,,,,,,,{t1:gules;charges:[{charge:plough;t:argent;p:abcpqh;t2:argent;size:0.5}];shield:boeotian},https://watabou.github.io/village-generator/?pop=1024&name=Stymphida&seed=7531122100687&width=1400&height=683&style=default&tags=dead+end%2Cno+square%2Cdense
688,Pargyropo,Aktaspian,Aktaspian Parish,Lalylisia,Exarchate of Lalylisia,Elladan,Gourm Pantheon,village,1174,583.91,484.93,-2.76,-70.52,554,64°F,Barcelona (Spain),,,,,,,,{t1:argent;ordinaries:[{ordinary:chevron;t:gules}];charges:[{charge:crossClechy;t:argent;p:ach;size:0.5}];shield:boeotian},https://watabou.github.io/village-generator/?pop=1174&name=Pargyropo&seed=7531122100688&width=1400&height=683&style=default&tags=highway%2Cfarmland%2Cno+square%2Cdense
689,Pitrea,Corgiphos,Corgiphos Parish,Bhryreria,Patriarchate of Bhryreria,Elladan,Gourm Pantheon,town,6380,814.73,384.07,16.53,-27.24,13,61°F,Dubrovnik (Croatia),,,,,,,,{t1:or;charges:[{charge:bridge;t:sable;p:e;size:1.5}];shield:boeotian},https://watabou.github.io/city-generator/?name=Pitrea&population=6380&size=26&seed=7531122100689&river=0&coast=0&farms=1&citadel=0&urban_castle=0&hub=0&plaza=0&greens=0&temple=0&walls=0&shantytown=0&style=natural
690,Aman,Yaz,Yaz Margrave,Esenkoryurt,Esenkoryurt Khaganate,Turchian,Turchian Spirits,town,8785,848.24,693.3,-42.62,-20.95,738,37°F,Tromsø (Norway),,,,,,,,{t1:vert;charges:[{charge:gauntlet;t:argent;p:e;size:1.5}];shield:round},https://watabou.github.io/city-generator/?name=Aman&population=8785&size=29&seed=7531122100690&river=0&coast=0&farms=1&citadel=0&urban_castle=0&hub=0&plaza=0&greens=0&temple=0&walls=0&shantytown=0&style=natural
691,Piglio,Ponania,Ponania Parish,Casteleria,Divine Principality of Casteleria,Tallian,Vepar Pantheon,city,15288,1576.66,568.81,-18.81,115.62,266,59°F,Rome (Italy),,,,walls,,,,{t1:argent;charges:[{charge:pike;t:vert;p:e;t2:vert;size:1.5}];shield:horsehead},https://watabou.github.io/city-generator/?name=Piglio&population=15288&size=36&seed=7531122100691&river=1&coast=0&farms=1&citadel=0&urban_castle=0&hub=1&plaza=0&greens=0&temple=0&walls=1&shantytown=0&style=natural
692,Retim,Fronhas,Fronhas County,Barolia,Principality of Barolia,Portuzian,Chaminta Pantheon,village,1157,1757.8,450.2,3.88,149.59,118,66°F,Marrakesh (Morocco),,,,,,,,{t1:gules;division:{division:perPale;t:or;line:straight};charges:[{charge:mullet4;t:argent;p:e;divided:field;size:1.5};{charge:mallet;t:azure;p:e;divided:division;size:1.5}];shield:renaissance},https://watabou.github.io/village-generator/?pop=1157&name=Retim&seed=7531122100692&width=1400&height=683&style=default&tags=highway%2Cno+square%2Cdense
693,Ingelldyde,Aray,Aray County,Arvicola,Arvicolan Empire,Keltan,Keltan Spirits,town,2559,1538.98,341.27,24.72,108.56,2572,43°F,Stockholm (Sweden),,,,,,,,{t1:argent;charges:[{charge:camel;t:purpure;p:e;t2:purpure;size:1.5}];shield:oval},https://watabou.github.io/city-generator/?name=Ingelldyde&population=2559&size=19&seed=7531122100693&river=0&coast=0&farms=0&citadel=0&urban_castle=0&hub=0&plaza=0&greens=0&temple=0&walls=0&shantytown=0&style=natural
694,Fermatmik,Duzeszadi,Duzeszadi Shire,Tiszalgaria,Kingdom of Tiszalgaria,Vengrian,Gods of the Sapphire Numen,town,3677,1229.18,528.97,-11.18,50.47,266,64°F,Barcelona (Spain),,,,,,,,{t1:vert;division:{division:perPale;t:argent;line:straight};shield:horsehead2},https://watabou.github.io/city-generator/?name=Fermatmik&population=3677&size=21&seed=7531122100694&river=0&coast=0&farms=0&citadel=0&urban_castle=0&hub=0&plaza=0&greens=0&temple=0&walls=0&shantytown=0&style=natural
695,Sutrinoriso,Pleshonia,Pleshonia Parish,Sampi,Brotherhood of Sampi,Tallian,Sgurcelan Deities,village,1044,1312.65,327.8,27.3,66.12,1447,45°F,Montreal (Canada),,,,walls,,,,{t1:gules;charges:[{charge:crescent;t:argent;p:abc;size:0.5}];shield:horsehead},https://watabou.github.io/village-generator/?pop=1044&name=Sutrinoriso&seed=7531122100695&width=1400&height=683&style=default&tags=highway%2Cuncultivated%2Cno+square%2Cpalisade%2Cdense
696,Adfluendora,Fonguilfor,Fonguilfor Parish,Sampi,Brotherhood of Sampi,Romian,Sgurcelan Deities,town,3988,1132.48,342.95,24.4,32.34,210,52°F,Antwerp (Belgium),,port,,,,,,{t1:argent;ordinaries:[{ordinary:bordure;t:gules}];charges:[{charge:roundel;t:or;p:ABCDEFGHIJKL;t2:azure;t3:gules;size:0.18};{charge:apple;t:azure;p:e;size:1.1}];shield:roman},https://watabou.github.io/city-generator/?name=Adfluendora&population=3988&size=22&seed=7531122100696&river=0&coast=1&farms=0&citadel=0&urban_castle=0&hub=0&plaza=0&greens=0&temple=0&walls=0&shantytown=0&style=natural&sea=0.94
697,Athmo,Taurilip,Taurilip Parish,Bhryreria,Patriarchate of Bhryreria,Elladan,Gourm Pantheon,town,3819,837.81,361.86,20.78,-22.91,118,55°F,Milan (Italy),,,,,,,,{t1:azure;ordinaries:[{ordinary:chevron;t:argent}];charges:[{charge:crossHummetty;t:sable;p:h;size:0.5}];shield:boeotian},https://watabou.github.io/city-generator/?name=Athmo&population=3819&size=22&seed=7531122100697&river=0&coast=0&farms=1&citadel=0&urban_castle=0&hub=0&plaza=0&greens=0&temple=0&walls=0&shantytown=0&style=natural
698,Fiano,Giumia,Giumia Barony,Arvicola,Arvicolan Empire,Tallian,Tallian Spirits,town,10385,1422.53,454.75,3.01,86.72,840,63°F,Lisbon (Portugal),,port,,,plaza,,,{t1:argent;division:{division:perChevronReversed;t:gules;line:straight};charges:[{charge:bullPassant;t:vert;p:e;t2:vert;t3:vert;divided:counter;size:1.5}];shield:horsehead},https://watabou.github.io/city-generator/?name=Fiano&population=10385&size=31&seed=7531122100698&river=1&coast=1&farms=1&citadel=0&urban_castle=0&hub=0&plaza=1&greens=1&temple=0&walls=0&shantytown=0&style=natural
699,Odiratiro,Odiratiro,Odiratiro County,Barolia,Principality of Barolia,Portuzian,Chaminta Pantheon,town,11783,1687.94,317.8,29.21,136.49,13,46°F,Prague (Czechia),,,,walls,,,,{t1:or;division:{division:perFess;t:purpure;line:straight};ordinaries:[{ordinary:fess;t:vert;line:straight}];shield:renaissance},https://watabou.github.io/city-generator/?name=Odiratiro&population=11783&size=33&seed=7531122100699&river=1&coast=0&farms=1&citadel=0&urban_castle=0&hub=0&plaza=0&greens=0&temple=0&walls=1&shantytown=0&style=natural
700,Casta,Ponania,Ponania Parish,Casteleria,Divine Principality of Casteleria,Tallian,Vepar Pantheon,town,2136,1617.43,540.9,-13.47,123.27,472,61°F,Dubrovnik (Croatia),,,,,,,,{t1:azure;charges:[{charge:apple;t:or;p:e;t2:or;size:1.5}];shield:horsehead},https://watabou.github.io/city-generator/?name=Casta&population=2136&size=17&seed=7531122100700&river=1&coast=0&farms=1&citadel=0&urban_castle=0&hub=0&plaza=0&greens=0&temple=0&walls=0&shantytown=0&style=natural
701,Torkburgh,Torkburgh,Torkburgh County,Lydonland,Kingdom of Lydonland,Angshire,Angshire Spirits,town,11032,1120.9,595.18,-23.85,30.17,13,57°F,Washington (D.C.),,,,walls,,,,{t1:sable;division:{division:perCross;t:argent;line:dovetailed};charges:[{charge:anvil;t:or;p:j;size:0.6};{charge:crossLatin;t:purpure;p:l;size:0.6};{charge:pear;t:gules;p:m;size:0.6};{charge:scaleImbalanced;t:argent;p:o;size:0.6}];shield:wedged},https://watabou.github.io/city-generator/?name=Torkburgh&population=11032&size=32&seed=7531122100701&river=0&coast=0&farms=1&citadel=0&urban_castle=0&hub=0&plaza=0&greens=0&temple=0&walls=1&shantytown=0&style=natural
702,Lezapa,Zebaga,Zebaga County,Erantzia,Kingdom of Erantzia,Euskati,Euskati Ancestors,town,3664,373.41,576.49,-20.27,-109.99,1588,55°F,Milan (Italy),,,,,,,,{t1:or;charges:[{charge:pillar;t:azure;p:e;size:1.5}];shield:oldFrench},https://watabou.github.io/city-generator/?name=Lezapa&population=3664&size=21&seed=7531122100702&river=0&coast=0&farms=1&citadel=0&urban_castle=0&hub=0&plaza=0&greens=0&temple=0&walls=0&shantytown=0&style=natural
703,Scenay,Chanville,Chanville Deanery,Piereia,Bishopric of Piereia,Luari,Fercellesism,town,9139,220.44,423.43,9,-138.67,52,64°F,Barcelona (Spain),,,,,,,,{t1:gules;ordinaries:[{ordinary:bendSinister;t:argent;line:wavy}];charges:[{charge:feather;t:gules;p:lm;size:0.7}];shield:french},https://watabou.github.io/city-generator/?name=Scenay&population=9139&size=30&seed=7531122100703&river=0&coast=0&farms=1&citadel=0&urban_castle=0&hub=0&plaza=0&greens=0&temple=0&walls=0&shantytown=0&style=natural
704,Bythera,Musis,Musis Parish,Lalylisia,Exarchate of Lalylisia,Elladan,Gourm Pantheon,town,5853,557.6,474.61,-0.79,-75.45,397,64°F,Barcelona (Spain),,,,,,,,{t1:argent;charges:[{charge:cossack;t:purpure;p:e;t2:vert;t3:gules;size:1.5}];shield:boeotian},https://watabou.github.io/city-generator/?name=Bythera&population=5853&size=25&seed=7531122100704&river=1&coast=0&farms=1&citadel=0&urban_castle=0&hub=0&plaza=0&greens=0&temple=0&walls=0&shantytown=0&style=natural
705,Pejonzatan,Temblerala,Temblerala Seneschalty,Padamia,Grand Duchy of Padamia,Astellian,Occultism of the Chief of Lightning,village,1038,200.2,537,-12.72,-142.46,13,64°F,Barcelona (Spain),,,,,,,,{t1:azure;ordinaries:[{ordinary:pallReversed;t:or}];charges:[{charge:tower;t:gules;p:bemo;t2:gules;size:0.5}];shield:spanish},https://watabou.github.io/village-generator/?pop=1038&name=Pejonzatan&seed=7531122100705&width=1400&height=683&style=default&tags=dead+end%2Cno+square%2Cdense
706,Gracoriz,Pabecibia,Pabecibia County,Barolia,Principality of Barolia,Portuzian,Chaminta Pantheon,town,11918,1647.76,485.99,-2.96,128.95,118,66°F,Marrakesh (Morocco),,,,,,,,{t1:azure;division:{division:perBendSinister;t:or;line:nebuly};ordinaries:[{ordinary:chevron;t:argent}];shield:renaissance},https://watabou.github.io/city-generator/?name=Gracoriz&population=11918&size=33&seed=7531122100706&river=0&coast=0&farms=1&citadel=0&urban_castle=0&hub=0&plaza=0&greens=0&temple=0&walls=0&shantytown=0&style=natural
707,Ludequejar,Ludequejar,Ludequejar County,Alverenia,Duchy of Alverenia,Astellian,Occultism of the Chief of Lightning,city,14762,238.37,622.92,-29.16,-135.31,2218,43°F,Stockholm (Sweden),,,,walls,,,,{t1:argent;division:{division:perCross;t:sable;line:straight};charges:[{charge:lionPassantGuardant;t:azure;p:e;t2:azure;t3:azure;size:1.5}];shield:spanish},https://watabou.github.io/city-generator/?name=Ludequejar&population=14762&size=36&seed=7531122100707&river=0&coast=0&farms=1&citadel=0&urban_castle=0&hub=0&plaza=0&greens=0&temple=0&walls=1&shantytown=0&style=natural
708,Tregan,Aray,Aray County,Arvicola,Arvicolan Empire,Keltan,Keltan Spirits,village,765,1497.34,421.81,9.31,100.75,3360,52°F,Antwerp (Belgium),,,,,,,,{t1:sable;division:{division:perFess;t:argent;line:straight};charges:[{charge:crossHummetty;t:or;p:k;size:0.7};{charge:owl;t:purpure;p:n;size:0.7}];shield:oval},https://watabou.github.io/village-generator/?pop=765&name=Tregan&seed=7531122100708&width=1000&height=488&style=default&tags=dead+end%2Cuncultivated%2Cno+square%2Cdense
709,Rones,Contidesia,Contidesia County,Padamia,Grand Duchy of Padamia,Astellian,Alverenese Pantheon,town,2935,266.33,456.54,2.67,-130.06,52,66°F,Marrakesh (Morocco),,port,,,,,,{t1:azure;ordinaries:[{ordinary:label;t:argent}];charges:[{charge:wyvern;t:or;p:pqn;t2:or;t3:or;size:0.5}];shield:spanish},https://watabou.github.io/city-generator/?name=Rones&population=2935&size=19&seed=7531122100709&river=1&coast=1&farms=1&citadel=0&urban_castle=0&hub=0&plaza=0&greens=0&temple=0&walls=0&shantytown=0&style=natural
710,Vericupi,Vericupi,Vericupi Parish,Casteleria,Divine Principality of Casteleria,Tallian,Vepar Pantheon,town,10573,1481.9,602.85,-25.32,97.86,1063,54°F,Paris (France),,,,,,,,{t1:azure;charges:[{charge:wasp;t:argent;p:e;t2:argent;t3:argent;size:1.5}];shield:horsehead},https://watabou.github.io/city-generator/?name=Vericupi&population=10573&size=32&seed=7531122100710&river=0&coast=0&farms=1&citadel=0&urban_castle=0&hub=0&plaza=0&greens=0&temple=0&walls=0&shantytown=0&style=natural
711,Pterythia,Psychra,Psychra Parish,Lalylisia,Exarchate of Lalylisia,Elladan,Gourm Pantheon,town,6561,501.92,449.81,3.96,-85.89,1588,61°F,Dubrovnik (Croatia),,,,,,,,{t1:gules;charges:[{charge:wolfStatant;t:or;p:e;t2:or;t3:argent;size:1.5}];shield:boeotian},https://watabou.github.io/city-generator/?name=Pterythia&population=6561&size=26&seed=7531122100711&river=0&coast=0&farms=1&citadel=0&urban_castle=0&hub=0&plaza=0&greens=0&temple=0&walls=0&shantytown=0&style=natural
712,Netralleri,Supice,Supice Parish,Casteleria,Divine Principality of Casteleria,Tallian,Vepar Pantheon,village,1816,1471.58,637.26,-31.9,95.92,266,52°F,Antwerp (Belgium),,port,,,,,,{t1:sable;division:{division:perPale;t:argent;line:engrailed};charges:[{charge:maces;t:or;p:e;t2:or;size:1.5}];shield:horsehead},https://watabou.github.io/village-generator/?pop=1816&name=Netralleri&seed=7531122100712&width=1600&height=780&style=default&tags=coast%2Chighway%2Cno+square%2Cdense
713,Wusenbachen,Kosinland,Kosinland County,Presia,Principality of Presia,Shwazen,Deities of the Enlightened Being,town,6827,479.18,320.39,28.71,-90.15,30,46°F,Prague (Czechia),,port,,,,,,{t1:argent;ordinaries:[{ordinary:pall;t:sable}];charges:[{charge:bell;t:argent;p:jlh;t2:argent;size:0.5}];shield:swiss},https://watabou.github.io/city-generator/?name=Wusenbachen&population=6827&size=27&seed=7531122100713&river=0&coast=1&farms=1&citadel=0&urban_castle=0&hub=0&plaza=0&greens=0&temple=0&walls=0&shantytown=0&style=natural&sea=1.44
714,Nescanagna,Supice,Supice Parish,Casteleria,Divine Principality of Casteleria,Tallian,Vepar Pantheon,town,12821,1473.4,607.03,-26.12,96.26,643,54°F,Paris (France),,,,,,,,{t1:argent;ordinaries:[{ordinary:cross;t:azure;line:straight}];charges:[{charge:cannon;t:argent;p:e;t2:argent;size:0.5}];shield:horsehead},https://watabou.github.io/city-generator/?name=Nescanagna&population=12821&size=34&seed=7531122100714&river=0&coast=0&farms=1&citadel=0&urban_castle=0&hub=0&plaza=0&greens=0&temple=0&walls=0&shantytown=0&style=natural
715,Sesti,Sesti,Sesti County,Estrielas,Duchy of Estrielas,Euskati,Euskati Ancestors,town,9195,342.72,651.44,-34.61,-115.74,738,45°F,Montreal (Canada),,,,,,,,{t1:gules;division:{division:perBendSinister;t:or;line:rayonne};charges:[{charge:shears;t:argent;p:j;size:0.7};{charge:griffinRampant;t:azure;p:o;size:0.7}];shield:oldFrench},https://watabou.github.io/city-generator/?name=Sesti&population=9195&size=30&seed=7531122100715&river=0&coast=0&farms=1&citadel=0&urban_castle=0&hub=0&plaza=0&greens=0&temple=0&walls=0&shantytown=0&style=natural
716,Mongo,Rioflase,Rioflase Margrave,Arvicola,Arvicolan Empire,Tallian,Tallian Spirits,town,5204,1435.21,601.23,-25.01,89.1,643,55°F,Milan (Italy),,port,,,,,,{t1:argent;charges:[{charge:inescutcheon;t:azure;p:abcpqh;size:0.5};{charge:archer;t:or;p:abcpqh;size:0.25}];shield:horsehead},https://watabou.github.io/city-generator/?name=Mongo&population=5204&size=24&seed=7531122100716&river=1&coast=1&farms=1&citadel=0&urban_castle=0&hub=0&plaza=0&greens=0&temple=0&walls=0&shantytown=0&style=natural
717,Altzioz,Baria,Baria County,Beytekyurt,Beytekyurt Horde,Euskati,Euskati Ancestors,village,976,545.75,675.65,-39.24,-77.67,1447,37°F,Tromsø (Norway),,,,,,,,{t1:pappellony2-argent-azure-small;ordinaries:[{ordinary:chevron;t:gules}];charges:[{charge:scissors;t:argent;p:h;size:0.5}];shield:oldFrench},https://watabou.github.io/village-generator/?pop=976&name=Altzioz&seed=7531122100717&width=1000&height=488&style=snow&tags=dead+end%2Cno+square%2Cdense
718,Wishead,Mabingdon,Mabingdon County,Lydonland,Kingdom of Lydonland,Angshire,Angshire Spirits,town,5839,1009.25,543.02,-13.87,9.23,13,63°F,Lisbon (Portugal),,port,,,plaza,,,{t1:argent;charges:[{charge:armillarySphere;t:azure;p:e;size:1.5}];shield:wedged},https://watabou.github.io/city-generator/?name=Wishead&population=5839&size=25&seed=7531122100718&river=0&coast=1&farms=1&citadel=0&urban_castle=0&hub=0&plaza=1&greens=1&temple=0&walls=0&shantytown=0&style=natural&sea=0.65
719,Holboliton,Perstedge,Perstedge Margrave,Lydonland,Kingdom of Lydonland,Angshire,Angshire Spirits,town,11104,1018.66,639.35,-32.3,11,472,50°F,London (England),,,,walls,,,,{t1:gules;charges:[{charge:boarHeadErased;t:argent;p:e;t2:argent;t3:argent;size:1.5}];shield:wedged},https://watabou.github.io/city-generator/?name=Holboliton&population=11104&size=32&seed=7531122100719&river=1&coast=0&farms=1&citadel=0&urban_castle=0&hub=0&plaza=0&greens=0&temple=0&walls=1&shantytown=0&style=natural
720,Aberleithin,Abercabercia,Abercabercia Barony,Arvicola,Arvicolan Empire,Keltan,Keltan Spirits,village,1150,1527.12,421.48,9.38,106.33,2051,57°F,Washington (D.C.),,,,,,,,{t1:argent;division:{division:perPale;t:gules;line:straight};charges:[{charge:cowHorns;t:purpure;p:e;divided:field;size:1.5};{charge:cock;t:or;p:e;divided:division;size:1.5}];shield:oval},https://watabou.github.io/village-generator/?pop=1150&name=Aberleithin&seed=7531122100720&width=1400&height=683&style=default&tags=highway%2Cno+square%2Cdense
721,Flosaismoli,Flosaismoli,Flosaismoli County,Barolia,Principality of Barolia,Portuzian,Chaminta Pantheon,town,9891,1696.92,445.04,4.87,138.17,2218,59°F,Rome (Italy),,,,,,,,{t1:argent;charges:[{charge:goutte;t:azure;p:e;size:1.5}];shield:renaissance},https://watabou.github.io/city-generator/?name=Flosaismoli&population=9891&size=31&seed=7531122100721&river=0&coast=0&farms=1&citadel=0&urban_castle=0&hub=0&plaza=0&greens=0&temple=0&walls=0&shantytown=0&style=natural
722,Acqualero,Abercabercia,Abercabercia Barony,Arvicola,Arvicolan Empire,Tallian,Tallian Spirits,town,4868,1526.56,461.79,1.67,106.23,2759,55°F,Milan (Italy),,,,,,,,{t1:sable;charges:[{charge:bowWithThreeArrows;t:argent;p:e;t2:or;t3:argent;size:1.5}];shield:horsehead},https://watabou.github.io/city-generator/?name=Acqualero&population=4868&size=24&seed=7531122100722&river=0&coast=0&farms=1&citadel=0&urban_castle=0&hub=0&plaza=0&greens=0&temple=0&walls=0&shantytown=0&style=natural
723,Oguzkoba,Aleri,Aleri Earldom,Esenkoryurt,Esenkoryurt Khaganate,Turchian,Turchian Spirits,village,1106,783,785.2,-60.2,-33.19,52,27°F,Okhotsk (Russia),,,,,,,,{t1:or;ordinaries:[{ordinary:bar;t:azure;line:straight}];charges:[{charge:wolfHeadErased;t:argent;p:def;t2:argent;size:0.3}];shield:round},https://watabou.github.io/village-generator/?pop=1106&name=Oguzkoba&seed=7531122100723&width=1400&height=683&style=snow&tags=isolated%2Cuncultivated%2Cno+orchards%2Cno+square%2Cdense
724,Tungrum,Ulpiatu,Ulpiatu Governorate,Viroval,Republic of Viroval,Romian,Ponstatra Deities,town,6886,1285.83,625.05,-29.56,61.09,1588,46°F,Prague (Czechia),,,,,,,,{t1:gules;charges:[{charge:heart;t:or;p:abcpqh;size:0.5}];shield:roman},https://watabou.github.io/city-generator/?name=Tungrum&population=6886&size=27&seed=7531122100724&river=0&coast=0&farms=1&citadel=0&urban_castle=0&hub=0&plaza=0&greens=0&temple=0&walls=0&shantytown=0&style=natural
725,Cleau,Boria,Boria County,Presia,Principality of Presia,Luari,Fercellesism,city,28060,441.2,451.45,3.64,-97.27,2051,59°F,Rome (Italy),,,citadel,walls,plaza,,shanty town,{t1:purpure;ordinaries:[{ordinary:cross;t:argent;line:straight}];charges:[{charge:eagle;t:gules;p:behdf;t2:gules;t3:or;size:0.3}];shield:french},https://watabou.github.io/city-generator/?name=Cleau&population=28060&size=46&seed=7531122100725&river=1&coast=0&farms=1&citadel=1&urban_castle=0&hub=0&plaza=1&greens=1&temple=0&walls=1&shantytown=1&style=natural
726,Ayayayazke,Azyolkaneli,Azyolkaneli Earldom,Esenkoryurt,Esenkoryurt Khaganate,Turchian,Turchian Spirits,town,6811,735.88,528.55,-11.1,-42.02,266,63°F,Lisbon (Portugal),,,,,,,,{t1:gules;ordinaries:[{ordinary:pale;t:or;line:engrailed}];charges:[{charge:palace;t:sable;p:beh;size:0.5}];shield:round},https://watabou.github.io/city-generator/?name=Ayayayazke&population=6811&size=27&seed=7531122100726&river=0&coast=0&farms=1&citadel=0&urban_castle=0&hub=0&plaza=0&greens=0&temple=0&walls=0&shantytown=0&style=natural
727,Agrantiames,Bonimbri,Bonimbri Governorate,Viroval,Republic of Viroval,Romian,Ponstatra Deities,town,9476,1188.92,606.21,-25.96,42.92,52,55°F,Milan (Italy),,,,walls,,,,{t1:argent;division:{division:perCross;t:sable;line:dovetailedIndented};charges:[{charge:crossPommy;t:gules;p:j;size:0.6};{charge:elephant;t:argent;p:l;size:0.6};{charge:scythe;t:argent;p:m;size:0.6};{charge:mullet;t:azure;p:o;size:0.6}];shield:roman},https://watabou.github.io/city-generator/?name=Agrantiames&population=9476&size=30&seed=7531122100727&river=1&coast=0&farms=1&citadel=0&urban_castle=0&hub=0&plaza=0&greens=0&temple=0&walls=1&shantytown=0&style=natural
728,Geriaro,Cano,Cano Deanery,Sampi,Brotherhood of Sampi,Tallian,Sgurcelan Deities,town,6946,1251.07,342.23,24.54,54.58,1312,46°F,Prague (Czechia),,,,walls,,,,{t1:bendy-or-gules;charges:[{charge:shield;t:vert;p:e;t2:vert;size:1.5}];shield:horsehead},https://watabou.github.io/city-generator/?name=Geriaro&population=6946&size=27&seed=7531122100728&river=0&coast=0&farms=0&citadel=0&urban_castle=0&hub=0&plaza=0&greens=0&temple=0&walls=1&shantytown=0&style=natural
729,Bythos,Bizagia,Bizagia Deanery,Ecelia,Eparchy of Ecelia,Elladan,Gourm Pantheon,town,2343,584.6,570.69,-19.16,-70.39,840,55°F,Milan (Italy),,,,,,,,{t1:vert;charges:[{charge:inescutcheon;t:argent;p:e;size:1.5};{charge:crossBiparted;t:azure;p:e;size:0.75}];shield:boeotian},https://watabou.github.io/city-generator/?name=Bythos&population=2343&size=18&seed=7531122100729&river=1&coast=0&farms=1&citadel=0&urban_castle=0&hub=0&plaza=0&greens=0&temple=0&walls=0&shantytown=0&style=natural
730,Argyraguron,Argyraguron,Argyraguron Parish,Lalylisia,Exarchate of Lalylisia,Elladan,Gourm Pantheon,town,12556,584.38,408.92,11.78,-70.43,328,63°F,Lisbon (Portugal),,,,,,,,{t1:azure;ordinaries:[{ordinary:terrace;t:argent;line:arched}];charges:[{charge:pegasus;t:argent;p:e;t2:or;t3:argent;size:1.5}];shield:boeotian},https://watabou.github.io/city-generator/?name=Argyraguron&population=12556&size=34&seed=7531122100730&river=0&coast=0&farms=1&citadel=0&urban_castle=0&hub=1&plaza=0&greens=0&temple=0&walls=0&shantytown=0&style=natural
731,Afredo,Citte,Citte Margrave,Arvicola,Arvicolan Empire,Tallian,Tallian Spirits,village,1352,1460.6,499.07,-5.47,93.86,2051,59°F,Rome (Italy),,,,,,,,{t1:or;division:{division:perFess;t:gules;line:invecked};charges:[{charge:spiral;t:vert;p:k;size:0.7};{charge:tree;t:argent;p:n;size:0.7}];shield:horsehead},https://watabou.github.io/village-generator/?pop=1352&name=Afredo&seed=7531122100731&width=1400&height=683&style=default&tags=highway%2Cno+square%2Cdense
732,Gyrera,Smyrgip,Smyrgip Deanery,Ecelia,Eparchy of Ecelia,Elladan,Gourm Pantheon,village,1439,579.84,601.37,-25.03,-71.28,554,55°F,Milan (Italy),,,,,,,,{t1:vert;charges:[{charge:scorpion;t:or;p:abc;size:0.5}];shield:boeotian},https://watabou.github.io/village-generator/?pop=1439&name=Gyrera&seed=7531122100732&width=1400&height=683&style=default&tags=highway%2Cno+square%2Cdense
733,Griselles,Bonvilevilia,Bonvilevilia County,Presia,Principality of Presia,Luari,Fercellesism,town,9037,370.58,436.2,6.56,-110.52,2953,52°F,Antwerp (Belgium),,,,,,,,{t1:azure;division:{division:perFess;t:or;line:straight};shield:french},https://watabou.github.io/city-generator/?name=Griselles&population=9037&size=30&seed=7531122100733&river=0&coast=0&farms=1&citadel=0&urban_castle=0&hub=0&plaza=0&greens=0&temple=0&walls=0&shantytown=0&style=natural
734,Aebailemino,Mylia,Mylia Deanery,Lalylisia,Exarchate of Lalylisia,Elladan,Gourm Pantheon,town,5364,498.74,460.5,1.91,-86.49,2759,55°F,Milan (Italy),,,,,,,,{t1:azure;ordinaries:[{ordinary:fess;t:or;line:straight}];charges:[{charge:wasp;t:sable;p:def;t2:or;t3:argent;size:0.5}];shield:boeotian},https://watabou.github.io/city-generator/?name=Aebailemino&population=5364&size=24&seed=7531122100734&river=0&coast=0&farms=1&citadel=0&urban_castle=0&hub=0&plaza=0&greens=0&temple=0&walls=0&shantytown=0&style=natural
735,Puivet,Vilesia,Vilesia County,Presia,Principality of Presia,Luari,Fercellesism,town,4042,355.71,383.74,16.6,-113.3,4738,45°F,Montreal (Canada),,,,,,,,{t1:sable;ordinaries:[{ordinary:pall;t:or}];charges:[{charge:castle;t:gules;p:jlh;t2:gules;size:0.5}];shield:french},https://watabou.github.io/city-generator/?name=Puivet&population=4042&size=22&seed=7531122100735&river=0&coast=0&farms=1&citadel=0&urban_castle=0&hub=0&plaza=0&greens=0&temple=0&walls=0&shantytown=0&style=natural
736,Schweresch,Ebrandtnau,Ebrandtnau Parish,Lalylisia,Exarchate of Lalylisia,Shwazen,Deities of the Enlightened Being,town,2184,561.95,304.07,31.84,-74.63,52,41°F,Harbin (China),,,citadel,,,,,{t1:argent;ordinaries:[{ordinary:chevron;t:azure}];shield:swiss},https://watabou.github.io/city-generator/?name=Schweresch&population=2184&size=17&seed=7531122100736&river=1&coast=0&farms=1&citadel=1&urban_castle=1&hub=0&plaza=0&greens=0&temple=0&walls=0&shantytown=0&style=natural
737,Llan,Llantinbhu,Llantinbhu County,Arvicola,Arvicolan Empire,Keltan,Keltan Spirits,town,4157,1592.7,391.92,15.03,118.63,948,61°F,Dubrovnik (Croatia),,,citadel,,,,,{t1:argent;charges:[{charge:mallet;t:azure;p:e;t2:azure;size:1.5}];shield:oval},https://watabou.github.io/city-generator/?name=Llan&population=4157&size=22&seed=7531122100737&river=0&coast=0&farms=1&citadel=1&urban_castle=0&hub=0&plaza=0&greens=0&temple=0&walls=0&shantytown=0&style=natural
738,Imbdece,Naucreia,Naucreia Parish,Lalylisia,Exarchate of Lalylisia,Elladan,Gourm Pantheon,town,3971,585.86,353.07,22.46,-70.15,266,54°F,Paris (France),,,,,,,,{t1:azure;charges:[{charge:millstone;t:argent;p:e;size:1.5}];shield:boeotian},https://watabou.github.io/city-generator/?name=Imbdece&population=3971&size=22&seed=7531122100738&river=0&coast=0&farms=1&citadel=0&urban_castle=0&hub=0&plaza=0&greens=0&temple=0&walls=0&shantytown=0&style=natural
739,Totvar,Delekbanyhari,Delekbanyhari County,Tiszalgaria,Kingdom of Tiszalgaria,Vengrian,Gods of the Sapphire Numen,town,4984,1173.99,445.85,4.72,40.12,840,63°F,Lisbon (Portugal),,,,walls,,,,{t1:gules;division:{division:gyronny;t:argent};charges:[{charge:crossGamma;t:or;p:abcpqh;divided:counter;size:0.5}];shield:horsehead2},https://watabou.github.io/city-generator/?name=Totvar&population=4984&size=24&seed=7531122100739&river=0&coast=0&farms=0&citadel=0&urban_castle=0&hub=0&plaza=0&greens=0&temple=0&walls=1&shantytown=0&style=natural
740,Kendenyhad,Dombrabia,Dombrabia Shire,Tiszalgaria,Kingdom of Tiszalgaria,Vengrian,Gods of the Sapphire Numen,town,3305,1296.55,467.65,0.55,63.1,554,64°F,Barcelona (Spain),,port,,,,,,{t1:argent;charges:[{charge:crossTemplar;t:gules;p:e;size:1.5}];shield:horsehead2},https://watabou.github.io/city-generator/?name=Kendenyhad&population=3305&size=20&seed=7531122100740&river=0&coast=1&farms=0&citadel=0&urban_castle=0&hub=1&plaza=0&greens=0&temple=0&walls=0&shantytown=0&style=natural&sea=0.74
741,Avonnaber,Aray,Aray County,Arvicola,Arvicolan Empire,Keltan,Keltan Spirits,village,463,1504.2,432.28,7.31,102.04,3153,54°F,Paris (France),,,,,,,,{t1:azure;charges:[{charge:scale;t:argent;p:e;t2:or;size:1.5}];shield:oval},https://watabou.github.io/village-generator/?pop=463&name=Avonnaber&seed=7531122100741&width=800&height=390&style=default&tags=dead+end%2Cuncultivated%2Cno+square%2Cdense
742,Afonvesyndi,Beisaberia,Beisaberia Margrave,Arvicola,Arvicolan Empire,Keltan,Keltan Spirits,town,3423,1557.65,318.59,29.06,112.06,2572,37°F,Tromsø (Norway),,,,,,,,{t1:azure;ordinaries:[{ordinary:fessDoubleCotissed;t:or;line:straight}];charges:[{charge:hourglass;t:azure;p:e;t2:azure;t3:or;size:0.7}];shield:oval},https://watabou.github.io/city-generator/?name=Afonvesyndi&population=3423&size=21&seed=7531122100742&river=0&coast=0&farms=1&citadel=0&urban_castle=0&hub=0&plaza=0&greens=0&temple=0&walls=0&shantytown=0&style=natural
743,Fercelles,Fercelles,Fercelles Margrave,Presia,Principality of Presia,Luari,Fercellesism,town,8289,380.82,359.12,21.31,-108.6,328,54°F,Paris (France),,,,,,,,{t1:semy_of_crossHummetty-or-azure-smaller;division:{division:perCross;t:sable;line:straight};charges:[{charge:lionHeadCaboshed;t:purpure;p:e;t2:purpure;size:1.5}];shield:french},https://watabou.github.io/city-generator/?name=Fercelles&population=8289&size=29&seed=7531122100743&river=0&coast=0&farms=1&citadel=0&urban_castle=0&hub=0&plaza=0&greens=0&temple=0&walls=0&shantytown=0&style=natural
744,Itrosia,Akranosia,Akranosia Deanery,Ecelia,Eparchy of Ecelia,Elladan,Gourm Pantheon,town,2158,584.06,528.25,-11.05,-70.49,1184,61°F,Dubrovnik (Croatia),,,,walls,,,,{t1:gules;division:{division:perCross;t:argent;line:dovetailedIndented};charges:[{charge:sunInSplendour2;t:or;p:e;size:1.5}];shield:boeotian},https://watabou.github.io/city-generator/?name=Itrosia&population=2158&size=17&seed=7531122100744&river=1&coast=0&farms=1&citadel=0&urban_castle=0&hub=0&plaza=0&greens=0&temple=0&walls=1&shantytown=0&style=natural
745,Cerrealmend,Madran,Madran County,Padamia,Grand Duchy of Padamia,Astellian,Occultism of the Chief of Lightning,town,8082,217.9,496,-4.88,-139.14,52,66°F,Marrakesh (Morocco),,,,,,,,{t1:argent;ordinaries:[{ordinary:bordure;t:gules}];charges:[{charge:billet;t:or;p:ABCDEFGHIJKL;size:0.18};{charge:wheatStalk;t:azure;p:e;size:1.1}];shield:spanish},https://watabou.github.io/city-generator/?name=Cerrealmend&population=8082&size=29&seed=7531122100745&river=0&coast=0&farms=1&citadel=0&urban_castle=0&hub=0&plaza=0&greens=0&temple=0&walls=0&shantytown=0&style=natural
746,Yolmabayla,Ayburyurt,Ayburyurt County,Esenkoryurt,Esenkoryurt Khaganate,Turchian,Turchian Spirits,town,7623,885.21,601.4,-25.04,-14.02,82,57°F,Washington (D.C.),,,,,,,,{t1:gules;charges:[{charge:scorpion;t:argent;p:jln;size:0.7}];shield:round},https://watabou.github.io/city-generator/?name=Yolmabayla&population=7623&size=28&seed=7531122100746&river=0&coast=0&farms=1&citadel=0&urban_castle=0&hub=0&plaza=0&greens=0&temple=0&walls=0&shantytown=0&style=natural
747,Aberbeglas,Aber,Aber Earldom,Arvicola,Arvicolan Empire,Keltan,Keltan Spirits,town,6604,1587.69,373.47,18.56,117.69,840,55°F,Milan (Italy),,,,,,,,{t1:azure;charges:[{charge:axe;t:or;p:e;t2:or;size:1.5}];shield:oval},https://watabou.github.io/city-generator/?name=Aberbeglas&population=6604&size=26&seed=7531122100747&river=0&coast=0&farms=1&citadel=0&urban_castle=0&hub=0&plaza=0&greens=0&temple=0&walls=0&shantytown=0&style=natural
748,Rouvry,Vilesia,Vilesia County,Presia,Principality of Presia,Luari,Fercellesism,city,19907,364.63,365.25,20.13,-111.63,554,55°F,Milan (Italy),,,,,,,,{t1:vert;charges:[{charge:stagsAttires;t:argent;p:e;size:1.5}];shield:french},https://watabou.github.io/city-generator/?name=Rouvry&population=19907&size=40&seed=7531122100748&river=1&coast=0&farms=1&citadel=0&urban_castle=0&hub=0&plaza=0&greens=0&temple=0&walls=0&shantytown=0&style=natural
749,Ocrenay,Mylia,Mylia Deanery,Lalylisia,Exarchate of Lalylisia,Luari,Fercellesism,town,3764,465.46,472.82,-0.44,-92.73,3793,52°F,Antwerp (Belgium),,,,,,,,{t1:argent;ordinaries:[{ordinary:cross;t:azure;line:straight}];charges:[{charge:key;t:or;p:behdf;size:0.3}];shield:french},https://watabou.github.io/city-generator/?name=Ocrenay&population=3764&size=21&seed=7531122100749&river=0&coast=0&farms=1&citadel=0&urban_castle=0&hub=0&plaza=0&greens=0&temple=0&walls=0&shantytown=0&style=natural
750,Guarveriapen,Guarveriapen,Guarveriapen Margrave,Arvicola,Arvicolan Empire,Tallian,Tallian Spirits,town,7826,1515.6,479.62,-1.74,104.17,2051,59°F,Rome (Italy),,,citadel,,,,,{t1:or;division:{division:perFess;t:purpure;line:arched};charges:[{charge:monk;t:azure;p:k;size:0.7};{charge:dolphin;t:argent;p:n;size:0.7}];shield:horsehead},https://watabou.github.io/city-generator/?name=Guarveriapen&population=7826&size=28&seed=7531122100750&river=0&coast=0&farms=1&citadel=1&urban_castle=1&hub=0&plaza=0&greens=0&temple=0&walls=0&shantytown=0&style=natural
751,Esentayli,Sunguryurt,Sunguryurt Earldom,Esenkoryurt,Esenkoryurt Khaganate,Turchian,Turchian Spirits,village,1289,780.35,594.5,-23.72,-33.68,118,57°F,Washington (D.C.),,,,,,,,{t1:argent;division:{division:perPale;t:gules;line:straight};ordinaries:[{ordinary:cross;t:sable;line:straight}];charges:[{charge:cavalier;t:argent;p:behdf;t2:azure;t3:sable;size:0.3}];shield:round},https://watabou.github.io/village-generator/?pop=1289&name=Esentayli&seed=7531122100751&width=1400&height=683&style=default&tags=river%2Cdead+end%2Cno+square%2Cdense
752,Aslanbey,Balyurt,Balyurt Earldom,Esenkoryurt,Esenkoryurt Khaganate,Turchian,Turchian Spirits,village,1225,853.56,623.4,-29.25,-19.96,52,52°F,Antwerp (Belgium),,,,,,,,{t1:gules;division:{division:perFess;t:argent;line:straight};charges:[{charge:fleurDeLis;t:or;p:k;size:0.7};{charge:fleurDeLis;t:vert;p:n;size:0.7}];shield:round},https://watabou.github.io/village-generator/?pop=1225&name=Aslanbey&seed=7531122100752&width=1400&height=683&style=default&tags=river%2Chighway%2Cno+square%2Cdense
753,Gimogentevil,Vilesia,Vilesia County,Presia,Principality of Presia,Luari,Fercellesism,town,5466,360.07,395.53,14.34,-112.49,3793,46°F,Prague (Czechia),,,,,,,,{t1:gules;ordinaries:[{ordinary:saltire;t:or;line:nebuly}];charges:[{charge:pillar;t:purpure;p:jlemo;size:0.4}];shield:french},https://watabou.github.io/city-generator/?name=Gimogentevil&population=5466&size=25&seed=7531122100753&river=0&coast=0&farms=1&citadel=0&urban_castle=0&hub=0&plaza=0&greens=0&temple=0&walls=0&shantytown=0&style=natural
754,Boporixusto,Diete,Diete Governorate,Viroval,Republic of Viroval,Romian,Ponstatra Deities,village,1236,1132.6,485,-2.77,32.36,161,66°F,Marrakesh (Morocco),,,,,,,,{t1:vert;division:{division:perCross;t:or;line:wavy};charges:[{charge:deerHeadCaboshed;t:argent;p:j;t2:argent;size:0.6};{charge:ploughshare;t:azure;p:l;size:0.6};{charge:horseSalient;t:gules;p:m;size:0.6};{charge:anchor;t:or;p:o;size:0.6}];shield:roman},https://watabou.github.io/village-generator/?pop=1236&name=Boporixusto&seed=7531122100754&width=1400&height=683&style=default&tags=dead+end%2Cno+square%2Cdense
755,Abermaictodu,Aray,Aray County,Arvicola,Arvicolan Empire,Keltan,Keltan Spirits,town,4441,1488.16,388.88,15.61,99.03,1184,55°F,Milan (Italy),,,,,,,,{t1:sable;division:{division:perSaltire;t:argent};charges:[{charge:key;t:or;p:b;size:0.5};{charge:cavalier;t:purpure;p:d;size:0.5};{charge:arrow;t:gules;p:f;size:0.5};{charge:dragonfly;t:argent;p:h;size:0.5}];shield:oval},https://watabou.github.io/city-generator/?name=Abermaictodu&population=4441&size=23&seed=7531122100755&river=1&coast=0&farms=1&citadel=0&urban_castle=0&hub=0&plaza=0&greens=0&temple=0&walls=0&shantytown=0&style=natural
756,Moschkin,Pleshonia,Pleshonia Parish,Sampi,Brotherhood of Sampi,Slovan,Sgurcelan Deities,town,7366,1327.06,298.87,32.83,68.82,643,37°F,Tromsø (Norway),,,,,,,,{t1:or;ordinaries:[{ordinary:crossParted;t:sable;line:indented}];charges:[{charge:frog;t:or;p:e;size:1.5}];shield:polish},https://watabou.github.io/city-generator/?name=Moschkin&population=7366&size=28&seed=7531122100756&river=1&coast=0&farms=1&citadel=0&urban_castle=0&hub=0&plaza=0&greens=0&temple=0&walls=0&shantytown=0&style=natural
757,Askhaporion,Dotigetapa,Dotigetapa Parish,Bhryreria,Patriarchate of Bhryreria,Elladan,Gourm Pantheon,village,1052,684.65,479.36,-1.69,-51.63,118,66°F,Marrakesh (Morocco),,,,,,,,{t1:gules;charges:[{charge:ratRampant;t:or;p:e;t2:or;size:1.5}];shield:boeotian},https://watabou.github.io/village-generator/?pop=1052&name=Askhaporion&seed=7531122100757&width=1400&height=683&style=default&tags=dead+end%2Cno+square%2Cdense
